x_est y_est heading_est x_ref y_ref heading_ref magdwick gyro mag_x mag_y mag_z
0.000 0.000 0.037 0.000 0.000 0.000 0.934 1.997 645.775 22.607 108.214
0.000 -0.000 0.038 0.000 0.000 0.037 0.969 1.936 642.155 11.783 83.778
0.001 -0.000 0.038 0.000 0.000 0.038 1.003 2.686 649.394 18.999 97.741
0.002 -0.001 0.040 0.001 0.000 0.038 1.035 2.241 643.965 -0.845 102.978
0.003 -0.001 0.042 0.003 0.000 0.040 1.066 1.997 624.057 0.959 111.705
0.006 -0.001 0.044 0.006 0.000 0.042 1.095 1.875 643.965 9.979 89.015
0.009 -0.001 0.044 0.011 0.000 0.044 1.121 2.625 642.155 18.999 104.723
0.014 -0.001 0.046 0.016 0.000 0.044 1.147 2.058 638.535 11.783 94.251
0.020 -0.001 0.047 0.023 0.000 0.046 1.171 2.241 638.535 11.783 94.251
0.027 -0.002 0.049 0.031 0.000 0.047 1.194 1.997 642.155 4.567 76.797
0.036 -0.002 0.049 0.041 0.000 0.049 1.215 2.808 649.394 15.391 83.778
0.045 -0.002 0.051 0.051 0.000 0.049 1.235 1.997 636.726 9.979 92.505
0.056 -0.002 0.053 0.063 0.000 0.051 1.254 1.813 642.155 4.567 90.760
0.067 -0.002 0.054 0.076 0.000 0.053 1.271 1.936 643.965 13.587 92.505
0.081 -0.002 0.054 0.091 0.000 0.054 1.286 2.808 642.155 11.783 101.232
0.095 -0.002 0.056 0.106 0.000 0.054 1.302 1.997 643.965 2.763 106.468
0.110 -0.002 0.058 0.123 0.000 0.056 1.314 1.936 638.535 11.783 94.251
0.127 -0.002 0.059 0.141 0.000 0.058 1.327 1.936 634.916 8.175 101.232
0.145 -0.003 0.059 0.161 0.000 0.059 1.339 2.869 636.726 -0.845 89.015
0.164 -0.003 0.062 0.181 0.000 0.059 1.351 2.546 636.726 -8.060 85.524
0.185 -0.002 0.064 0.202 0.000 0.062 1.361 2.363 636.726 -8.060 85.524
0.206 -0.003 0.065 0.223 0.000 0.064 1.371 1.997 629.486 -0.845 85.524
0.228 -0.003 0.065 0.244 0.000 0.065 1.379 2.625 643.965 2.763 95.996
0.249 -0.002 0.067 0.266 0.000 0.065 1.386 2.058 634.916 -2.649 90.760
0.271 -0.002 0.069 0.287 0.000 0.067 1.392 1.997 642.155 11.783 94.251
0.292 -0.002 0.071 0.308 0.000 0.069 1.397 2.119 643.965 6.371 99.487
0.314 -0.002 0.071 0.329 0.000 0.071 1.402 2.808 640.345 6.371 99.487
0.335 -0.002 0.073 0.351 0.000 0.071 1.406 1.997 653.014 4.567 94.251
0.356 -0.001 0.074 0.372 0.000 0.073 1.410 1.997 643.965 9.979 95.996
0.378 -0.001 0.076 0.393 0.000 0.074 1.413 2.058 645.775 8.175 101.232
0.400 -0.001 0.076 0.414 0.000 0.076 1.416 2.747 638.535 8.175 97.741
0.421 -0.001 0.078 0.436 0.000 0.076 1.418 2.180 633.106 9.979 99.487
0.443 -0.001 0.080 0.457 0.000 0.078 1.421 1.997 640.345 2.763 92.505
0.465 -0.000 0.081 0.478 0.000 0.080 1.421 1.997 638.535 18.999 108.214
0.487 -0.001 0.081 0.499 0.000 0.081 1.422 2.808 640.345 13.587 92.505
0.509 -0.000 0.083 0.521 0.000 0.081 1.425 1.997 653.014 4.567 97.741
0.531 0.000 0.085 0.542 0.000 0.083 1.425 1.997 642.155 15.391 94.251
0.553 0.000 0.087 0.563 0.000 0.085 1.429 1.936 640.345 -4.453 99.487
0.575 0.000 0.087 0.584 0.000 0.087 1.431 2.747 633.106 6.371 92.505
0.596 0.000 0.088 0.606 0.000 0.087 1.431 2.119 636.726 9.979 89.015
0.618 0.001 0.090 0.627 0.000 0.088 1.433 1.997 633.106 2.763 85.524
0.640 0.001 0.092 0.648 0.000 0.090 1.435 1.875 633.106 -0.845 99.487
0.662 0.000 0.092 0.669 0.000 0.092 1.435 2.747 638.535 15.391 94.251
0.684 0.001 0.094 0.689 0.000 0.092 1.435 2.058 651.204 6.371 75.051
0.705 0.001 0.095 0.709 0.000 0.094 1.437 1.875 656.633 -2.649 80.288
0.725 0.001 0.097 0.727 0.000 0.095 1.438 1.997 631.296 4.567 101.232
0.744 0.001 0.097 0.743 0.000 0.097 1.438 2.625 633.106 9.979 106.468
0.762 0.001 0.099 0.758 0.000 0.097 1.440 2.058 662.063 -4.453 89.015
0.777 0.002 0.101 0.772 0.000 0.099 1.440 1.997 638.535 11.783 97.741
0.791 0.001 0.102 0.783 0.000 0.101 1.442 1.936 643.965 -8.060 95.996
0.803 0.001 0.102 0.794 0.000 0.102 1.442 2.625 631.296 8.175 97.741
0.813 0.001 0.104 0.803 0.000 0.102 1.440 2.058 627.676 18.999 90.760
0.822 0.002 0.106 0.810 0.000 0.104 1.442 2.119 645.775 -6.256 83.778
0.830 0.001 0.108 0.815 0.000 0.106 1.441 1.936 634.916 11.783 97.741
0.836 0.001 0.108 0.819 0.000 0.108 1.441 2.808 654.824 2.763 89.015
0.840 0.002 0.109 0.822 0.000 0.108 1.442 1.936 654.824 2.763 89.015
0.843 0.002 0.111 0.823 0.000 0.109 1.442 2.058 636.726 9.979 89.015
0.845 0.001 0.113 0.822 0.000 0.111 1.440 1.997 649.394 15.391 97.741
0.845 0.001 0.113 0.820 0.000 0.113 1.441 2.747 647.584 -0.845 89.015
0.843 0.002 0.114 0.817 0.000 0.113 1.444 1.936 643.965 -8.060 92.505
0.840 0.002 0.116 0.812 0.000 0.114 1.441 2.058 649.394 22.607 104.723
0.836 0.001 0.118 0.807 0.000 0.116 1.442 1.997 643.965 -0.845 92.505
0.836 0.001 0.120 0.836 0.001 0.118 1.439 1.936 656.633 22.607 80.288
0.836 0.002 0.122 0.836 0.001 0.120 1.439 2.119 676.541 2.763 92.505
0.843 0.003 0.122 0.836 0.001 0.122 1.439 2.075 633.106 17.195 61.088
0.852 0.004 0.124 0.835 0.001 0.122 1.435 2.546 633.106 31.627 71.561
0.860 0.005 0.127 0.833 0.001 0.124 1.433 3.583 643.965 9.979 95.996
0.865 0.005 0.129 0.830 0.001 0.127 1.434 2.119 658.443 2.763 89.015
0.866 0.005 0.129 0.825 0.001 0.129 1.435 1.892 631.296 8.175 90.760
0.862 0.004 0.130 0.820 0.001 0.129 1.437 1.508 633.106 2.763 75.051
0.852 0.003 0.133 0.813 0.001 0.130 1.436 3.156 636.726 17.195 92.505
0.840 0.003 0.135 0.805 0.001 0.133 1.437 3.034 658.443 -0.845 85.524
0.831 0.003 0.135 0.795 0.001 0.135 1.438 1.831 645.775 4.567 87.269
0.822 0.002 0.137 0.785 0.001 0.135 1.437 1.691 634.916 18.999 80.288
0.809 0.002 0.140 0.773 0.001 0.137 1.437 3.095 649.394 8.175 101.232
0.795 0.001 0.142 0.760 0.001 0.140 1.435 2.363 642.155 11.783 101.232
0.781 0.001 0.142 0.745 0.001 0.142 1.435 1.770 633.106 13.587 85.524
0.766 0.001 0.142 0.730 0.001 0.142 1.437 2.136 638.535 0.959 94.251
0.747 0.000 0.145 0.713 0.001 0.142 1.437 3.278 656.633 4.567 101.232
0.728 -0.000 0.147 0.695 0.001 0.145 1.436 2.485 656.633 4.567 101.232
0.710 0.000 0.147 0.675 0.001 0.147 1.436 1.221 647.584 20.803 82.033
0.690 -0.000 0.147 0.655 0.001 0.147 1.437 2.075 645.775 8.175 101.232
0.667 -0.001 0.150 0.634 0.001 0.147 1.437 3.217 654.824 -0.845 89.015
0.643 -0.001 0.152 0.613 0.001 0.150 1.437 2.424 643.965 6.371 85.524
0.622 -0.000 0.152 0.592 0.001 0.152 1.435 1.404 640.345 24.411 75.051
0.600 -0.000 0.152 0.570 0.001 0.152 1.434 2.441 645.775 18.999 90.760
0.576 -0.001 0.154 0.549 0.001 0.152 1.433 3.217 660.253 15.391 104.723
0.552 -0.001 0.156 0.528 0.001 0.154 1.434 2.119 651.204 6.371 85.524
0.532 -0.001 0.156 0.507 0.001 0.156 1.435 1.160 640.345 17.195 78.542
0.510 -0.001 0.156 0.485 0.001 0.156 1.434 2.380 624.057 15.391 90.760
0.487 -0.002 0.159 0.464 0.001 0.156 1.433 2.973 642.155 11.783 101.232
0.464 -0.002 0.161 0.443 0.001 0.159 1.433 2.119 642.155 11.783 101.232
0.443 -0.001 0.161 0.422 0.001 0.161 1.434 1.221 633.106 13.587 85.524
0.421 -0.001 0.161 0.400 0.001 0.161 1.432 2.686 654.824 20.803 95.996
0.398 -0.001 0.164 0.379 0.001 0.161 1.434 3.156 649.394 -6.256 87.269
0.375 -0.001 0.165 0.358 0.001 0.164 1.435 1.936 634.916 8.175 97.741
0.354 -0.001 0.165 0.337 0.001 0.165 1.435 1.404 640.345 17.195 82.033
0.332 -0.001 0.165 0.316 0.000 0.165 1.436 2.563 643.965 6.371 92.505
0.308 -0.001 0.168 0.296 0.000 0.165 1.435 2.790 651.204 9.979 102.978
0.286 -0.002 0.170 0.276 0.000 0.168 1.434 2.180 634.916 11.783 90.760
0.267 -0.001 0.170 0.258 0.000 0.170 1.434 1.709 633.106 13.587 85.524
0.248 -0.001 0.170 0.242 0.000 0.170 1.435 2.441 636.726 6.371 89.015
0.228 -0.002 0.172 0.227 0.000 0.170 1.432 3.034 674.732 22.607 97.741
0.212 -0.001 0.174 0.213 0.000 0.172 1.430 1.997 674.732 22.607 97.741
0.200 -0.001 0.175 0.201 0.000 0.174 1.432 0.776 625.867 9.979 75.051
0.188 -0.002 0.175 0.191 0.000 0.175 1.433 3.174 642.155 0.959 108.214
0.175 -0.002 0.177 0.182 0.000 0.175 1.433 2.973 660.253 8.175 87.269
0.166 -0.002 0.179 0.175 0.000 0.177 1.435 1.630 645.775 4.567 90.760
0.160 -0.001 0.180 0.169 0.000 0.179 1.435 1.142 634.916 11.783 66.325
0.153 -0.002 0.180 0.165 0.000 0.180 1.437 2.991 645.775 0.959 90.760
0.146 -0.002 0.182 0.163 0.000 0.180 1.435 2.424 656.633 18.999 73.306
0.144 -0.001 0.183 0.162 0.000 0.182 1.435 1.325 645.775 8.175 97.741
0.144 -0.001 0.185 0.163 0.000 0.183 1.435 1.875 649.394 11.783 108.214
0.143 -0.002 0.185 0.165 0.000 0.185 1.436 3.540 651.204 2.763 99.487
0.143 -0.002 0.186 0.168 0.000 0.185 1.431 2.241 656.633 33.430 87.269
0.147 -0.001 0.187 0.172 0.000 0.186 1.431 0.898 640.345 17.195 92.505
0.152 -0.001 0.189 0.177 0.000 0.187 1.430 2.180 631.296 18.999 90.760
0.156 -0.002 0.189 0.183 0.000 0.189 1.430 3.357 660.253 8.175 87.269
0.157 -0.002 0.190 0.156 -0.002 0.189 1.428 1.264 645.775 33.430 83.778
0.158 -0.002 0.190 0.156 -0.002 0.190 1.428 3.357 636.726 13.587 85.524
0.154 -0.003 0.194 0.156 -0.002 0.190 1.426 4.011 658.443 17.195 71.561
0.148 -0.005 0.196 0.157 -0.002 0.194 1.425 2.485 669.302 20.803 75.051
0.144 -0.006 0.196 0.159 -0.002 0.196 1.428 -0.506 636.726 9.979 92.505
0.142 -0.006 0.196 0.162 -0.002 0.196 1.429 2.808 625.867 9.979 85.524
0.140 -0.007 0.199 0.166 -0.002 0.196 1.427 3.889 649.394 18.999 97.741
0.143 -0.007 0.201 0.172 -0.002 0.199 1.426 2.546 651.204 9.979 85.524
0.152 -0.005 0.201 0.179 -0.002 0.201 1.426 0.349 629.486 20.803 85.524
0.162 -0.005 0.201 0.187 -0.002 0.201 1.426 2.686 629.486 20.803 85.524
0.168 -0.005 0.204 0.196 -0.002 0.201 1.425 2.851 672.922 13.587 89.015
0.176 -0.005 0.206 0.207 -0.002 0.204 1.424 1.997 654.824 20.803 92.505
0.188 -0.004 0.207 0.219 -0.002 0.206 1.426 1.020 636.726 9.979 82.033
0.201 -0.004 0.207 0.232 -0.002 0.207 1.425 3.296 647.584 20.803 89.015
0.212 -0.004 0.209 0.246 -0.002 0.207 1.425 2.851 669.302 9.979 89.015
0.226 -0.004 0.211 0.262 -0.002 0.209 1.423 2.546 658.443 24.411 92.505
0.244 -0.003 0.211 0.279 -0.002 0.211 1.427 0.043 642.155 4.567 97.741
0.262 -0.003 0.211 0.297 -0.002 0.211 1.429 3.052 634.916 4.567 90.760
0.279 -0.003 0.215 0.316 -0.002 0.211 1.428 3.828 678.351 8.175 87.269
0.298 -0.003 0.217 0.337 -0.002 0.215 1.427 2.302 654.824 13.587 89.015
0.320 -0.002 0.217 0.357 -0.002 0.217 1.432 0.104 625.867 -0.845 95.996
0.343 -0.002 0.217 0.379 -0.002 0.217 1.434 2.625 625.867 -0.845 95.996
0.364 -0.003 0.220 0.400 -0.002 0.217 1.433 3.217 656.633 15.391 87.269
0.385 -0.002 0.221 0.421 -0.002 0.220 1.433 1.569 633.106 9.979 82.033
0.409 -0.002 0.222 0.442 -0.002 0.221 1.436 1.142 640.345 -0.845 89.015
0.432 -0.002 0.222 0.464 -0.002 0.222 1.435 3.723 643.965 9.979 95.996
0.453 -0.002 0.224 0.485 -0.002 0.222 1.431 2.790 651.204 24.411 99.487
0.473 -0.002 0.226 0.506 -0.002 0.224 1.431 1.386 653.014 11.783 97.741
0.497 -0.001 0.226 0.527 -0.002 0.226 1.435 0.898 636.726 -4.453 89.015
0.520 -0.001 0.226 0.549 -0.001 0.226 1.437 3.601 640.345 -0.845 95.996
0.541 -0.001 0.229 0.570 -0.001 0.226 1.436 3.156 665.682 6.371 95.996
0.562 -0.001 0.231 0.591 -0.001 0.229 1.436 1.997 649.394 11.783 87.269
0.586 -0.000 0.232 0.612 -0.001 0.231 1.440 0.776 642.155 -6.256 97.741
0.609 -0.001 0.232 0.634 -0.001 0.232 1.439 3.357 642.155 11.783 101.232
0.630 -0.001 0.234 0.655 -0.001 0.232 1.438 2.729 662.063 9.979 89.015
0.651 -0.001 0.236 0.676 -0.001 0.234 1.437 2.180 643.965 9.979 82.033
0.675 0.000 0.237 0.697 -0.001 0.236 1.435 1.325 633.106 17.195 99.487
0.698 -0.000 0.237 0.719 -0.001 0.237 1.434 3.357 634.916 15.391 90.760
0.719 -0.001 0.240 0.740 -0.001 0.237 1.431 3.339 647.584 20.803 99.487
0.740 0.000 0.241 0.761 -0.001 0.240 1.432 1.875 653.014 0.959 94.251
0.764 0.001 0.242 0.782 -0.001 0.241 1.434 0.471 618.627 2.763 92.505
0.787 0.000 0.242 0.804 -0.001 0.242 1.434 3.540 636.726 6.371 89.015
0.808 -0.000 0.244 0.825 -0.001 0.242 1.433 2.973 660.253 15.391 97.741
0.830 0.001 0.246 0.846 -0.001 0.244 1.432 1.325 653.014 15.391 73.306
0.853 0.001 0.247 0.867 -0.001 0.246 1.433 1.264 653.014 15.391 73.306
0.876 0.001 0.247 0.889 -0.001 0.247 1.433 3.906 633.106 -0.845 89.015
0.897 0.000 0.249 0.910 -0.001 0.247 1.433 2.729 660.253 8.175 97.741
0.919 0.001 0.250 0.931 -0.001 0.249 1.435 1.325 645.775 4.567 83.778
0.942 0.002 0.252 0.952 -0.001 0.250 1.435 1.447 627.676 15.391 101.232
0.965 0.001 0.252 0.974 -0.001 0.252 1.435 3.662 631.296 0.959 94.251
0.986 0.001 0.254 0.995 -0.001 0.252 1.433 2.363 663.873 18.999 87.269
1.008 0.002 0.255 1.016 -0.001 0.254 1.434 1.630 643.965 6.371 71.561
1.031 0.002 0.257 1.037 -0.001 0.255 1.435 1.691 634.916 8.175 80.288
1.054 0.001 0.257 1.059 -0.001 0.257 1.435 3.723 633.106 6.371 102.978
1.074 0.001 0.259 1.080 -0.001 0.257 1.434 2.424 649.394 15.391 73.306
1.096 0.002 0.260 1.101 -0.001 0.259 1.435 1.203 638.535 4.567 80.288
1.119 0.003 0.261 1.122 -0.001 0.260 1.436 2.058 638.535 4.567 80.288
1.142 0.001 0.261 1.144 -0.001 0.261 1.437 3.784 649.394 4.567 101.232
1.162 0.001 0.263 1.165 -0.001 0.261 1.437 2.302 671.112 4.567 83.778
1.184 0.002 0.265 1.186 -0.001 0.263 1.437 1.447 642.155 11.783 80.288
1.207 0.003 0.267 1.207 -0.001 0.265 1.438 2.119 645.775 4.567 104.723
1.229 0.001 0.267 1.229 -0.001 0.267 1.436 3.479 647.584 20.803 89.015
1.250 0.001 0.268 1.250 -0.001 0.267 1.437 1.875 636.726 2.763 95.996
1.272 0.003 0.269 1.271 -0.001 0.268 1.437 1.325 662.063 9.979 89.015
1.295 0.003 0.272 1.292 -0.001 0.269 1.435 2.485 633.106 17.195 78.542
1.316 0.001 0.272 1.314 -0.001 0.272 1.433 3.540 656.633 18.999 101.232
1.337 0.002 0.273 1.335 -0.001 0.272 1.435 1.508 651.204 2.763 89.015
1.359 0.003 0.274 1.356 -0.001 0.273 1.437 1.325 625.867 2.763 78.542
1.382 0.003 0.276 1.377 -0.001 0.274 1.438 2.790 643.965 2.763 95.996
1.403 0.001 0.276 1.399 -0.001 0.276 1.436 3.113 658.443 13.587 109.959
1.424 0.001 0.278 1.420 -0.001 0.276 1.436 1.813 638.535 8.175 69.815
1.446 0.003 0.279 1.441 -0.001 0.278 1.436 1.630 645.775 15.391 90.760
1.468 0.002 0.282 1.462 -0.001 0.279 1.438 2.668 647.584 -4.453 95.996
1.489 0.001 0.282 1.484 -0.001 0.282 1.438 3.784 649.394 4.567 111.705
1.510 0.001 0.283 1.505 -0.001 0.282 1.438 1.569 656.633 8.175 66.325
1.532 0.003 0.284 1.526 -0.000 0.283 1.434 1.447 631.296 26.215 87.269
1.554 0.002 0.287 1.547 -0.000 0.284 1.434 2.485 627.676 4.567 101.232
1.575 0.001 0.287 1.567 -0.000 0.287 1.435 3.723 645.775 0.959 104.723
1.595 0.002 0.288 1.587 -0.000 0.287 1.437 1.325 662.063 2.763 85.524
1.616 0.003 0.289 1.605 -0.000 0.288 1.439 1.875 634.916 4.567 94.251
1.635 0.003 0.292 1.621 -0.000 0.289 1.439 2.790 640.345 9.979 92.505
1.652 0.001 0.292 1.636 -0.000 0.292 1.440 3.357 649.394 0.959 101.232
1.666 0.002 0.293 1.650 -0.000 0.292 1.441 1.386 634.916 0.959 94.251
1.680 0.004 0.295 1.662 -0.000 0.293 1.439 1.813 640.345 20.803 92.505
1.692 0.002 0.297 1.672 -0.000 0.295 1.435 2.668 634.916 29.823 87.269
1.702 0.001 0.297 1.681 -0.000 0.297 1.433 3.052 647.584 17.195 89.015
1.710 0.003 0.298 1.688 -0.000 0.297 1.434 1.081 638.535 8.175 87.269
1.718 0.003 0.300 1.693 -0.000 0.298 1.436 1.997 645.775 -2.649 94.251
1.724 0.002 0.302 1.697 -0.000 0.300 1.436 2.424 647.584 13.587 92.505
1.727 0.001 0.302 1.700 -0.000 0.302 1.435 2.869 640.345 9.979 92.505
1.730 0.003 0.303 1.701 -0.000 0.302 1.434 1.508 642.155 11.783 94.251
1.731 0.003 0.305 1.700 -0.000 0.303 1.434 2.485 642.155 11.783 94.251
1.731 0.001 0.308 1.699 -0.000 0.305 1.434 2.973 643.965 9.979 89.015
1.728 0.001 0.308 1.696 -0.000 0.308 1.435 2.808 643.965 -4.453 89.015
1.725 0.003 0.309 1.692 -0.000 0.308 1.435 1.386 651.204 9.979 85.524
1.722 0.002 0.311 1.689 -0.000 0.309 1.434 2.607 627.676 11.783 90.760
