x_est y_est heading_est x_ref y_ref heading_ref magdwick gyro mag_x mag_y mag_z
0.000 0.000 0.036 0.000 0.000 0.000 0.902 1.936 872.001 248.101 33.162
0.001 -0.000 0.037 0.000 0.000 0.036 0.932 2.058 882.860 233.669 40.144
0.002 -0.001 0.039 0.000 0.000 0.037 0.959 1.752 882.860 251.709 40.144
0.002 -0.001 0.039 0.001 0.000 0.039 0.984 2.686 888.289 253.513 34.908
0.003 -0.002 0.041 0.003 0.000 0.039 1.007 1.936 877.430 249.905 48.871
0.006 -0.002 0.042 0.006 0.000 0.041 1.026 1.936 859.332 257.121 41.889
0.008 -0.002 0.044 0.011 0.000 0.042 1.046 1.936 884.669 253.513 52.361
0.012 -0.002 0.044 0.016 0.000 0.044 1.063 2.686 884.669 246.297 45.380
0.017 -0.002 0.046 0.023 0.000 0.044 1.079 1.936 881.050 246.297 45.380
0.025 -0.002 0.048 0.031 0.000 0.046 1.093 2.119 897.338 255.317 43.635
0.033 -0.002 0.049 0.041 0.000 0.048 1.104 1.875 884.669 253.513 24.435
0.042 -0.002 0.049 0.051 0.000 0.049 1.114 2.747 888.289 257.121 48.871
0.053 -0.002 0.051 0.063 0.000 0.049 1.124 1.936 877.430 246.297 41.889
0.065 -0.003 0.053 0.076 0.000 0.051 1.132 1.936 868.381 244.493 36.653
0.077 -0.002 0.054 0.091 0.000 0.053 1.139 1.997 877.430 249.905 38.398
0.092 -0.002 0.054 0.106 0.000 0.054 1.144 2.441 891.909 260.729 41.889
0.107 -0.003 0.056 0.123 0.000 0.054 1.148 2.119 882.860 258.925 36.653
0.124 -0.003 0.058 0.141 0.000 0.056 1.155 1.691 897.338 244.493 40.144
0.142 -0.002 0.059 0.161 0.000 0.058 1.159 2.058 881.050 249.905 38.398
0.162 -0.003 0.059 0.181 0.000 0.059 1.163 2.686 873.811 246.297 38.398
0.183 -0.002 0.061 0.203 0.000 0.059 1.166 2.058 881.050 249.905 45.380
0.205 -0.002 0.063 0.225 0.000 0.061 1.169 1.813 881.050 246.297 48.871
0.227 -0.002 0.065 0.248 0.000 0.063 1.171 1.997 888.289 249.905 24.435
0.251 -0.002 0.065 0.270 0.000 0.065 1.172 2.686 877.430 253.513 55.852
0.274 -0.002 0.066 0.293 0.000 0.065 1.174 1.936 902.768 253.513 41.889
0.297 -0.002 0.068 0.315 0.000 0.066 1.173 1.875 864.762 258.925 40.144
0.320 -0.002 0.070 0.338 0.000 0.068 1.176 1.875 884.669 242.689 41.889
0.344 -0.002 0.070 0.360 0.000 0.070 1.177 2.747 895.528 249.905 34.908
0.367 -0.001 0.071 0.383 0.000 0.070 1.179 1.813 884.669 246.297 48.871
0.390 -0.001 0.073 0.405 0.000 0.071 1.178 2.058 881.050 257.121 41.889
0.414 -0.001 0.075 0.428 0.000 0.073 1.179 1.936 884.669 253.513 38.398
0.437 -0.001 0.075 0.450 0.000 0.075 1.180 2.686 886.479 248.101 33.162
0.461 -0.000 0.076 0.473 0.000 0.075 1.182 1.997 875.620 237.277 50.616
0.484 -0.000 0.078 0.495 0.000 0.076 1.181 1.875 882.860 255.317 47.125
0.508 -0.000 0.080 0.518 0.000 0.078 1.182 2.058 875.620 240.885 36.653
0.531 -0.000 0.080 0.540 0.000 0.080 1.181 2.563 881.050 257.121 27.926
0.554 -0.000 0.082 0.563 0.000 0.080 1.183 1.997 893.719 240.885 36.653
0.578 -0.000 0.083 0.585 0.000 0.082 1.183 1.936 875.620 251.709 43.635
0.601 0.000 0.085 0.608 0.000 0.083 1.185 1.936 886.479 233.669 40.144
0.625 0.000 0.085 0.630 0.000 0.085 1.183 2.625 879.240 258.925 40.144
0.648 0.001 0.087 0.652 0.000 0.085 1.181 1.936 881.050 264.336 31.417
0.671 0.001 0.088 0.675 0.000 0.087 1.180 2.058 866.571 249.905 34.908
0.694 0.000 0.090 0.697 0.000 0.088 1.181 1.752 882.860 248.101 54.107
0.717 0.000 0.090 0.720 0.000 0.090 1.182 2.808 881.050 242.689 41.889
0.740 0.000 0.092 0.742 0.000 0.090 1.183 1.875 881.050 242.689 41.889
0.763 0.000 0.093 0.765 0.000 0.092 1.185 1.936 895.528 242.689 45.380
0.786 0.001 0.095 0.787 0.000 0.093 1.184 1.875 888.289 257.121 41.889
0.809 0.001 0.095 0.809 0.000 0.095 1.183 2.686 861.142 248.101 36.653
0.832 0.001 0.097 0.829 0.000 0.095 1.182 1.997 888.289 253.513 41.889
0.853 0.001 0.098 0.849 0.000 0.097 1.181 1.997 879.240 255.317 33.162
0.873 0.001 0.100 0.867 0.000 0.098 1.182 1.936 881.050 246.297 27.926
0.892 0.001 0.100 0.884 0.000 0.100 1.183 2.686 881.050 242.689 41.889
0.909 0.001 0.102 0.899 0.000 0.100 1.185 1.936 879.240 237.277 36.653
0.925 0.001 0.103 0.914 0.000 0.102 1.185 1.936 872.001 244.493 40.144
0.939 0.001 0.105 0.927 0.000 0.103 1.185 1.997 881.050 249.905 45.380
0.952 0.001 0.105 0.939 0.000 0.105 1.185 2.686 879.240 244.493 36.653
0.965 0.001 0.107 0.949 0.000 0.105 1.185 1.997 879.240 244.493 36.653
0.975 0.001 0.109 0.959 0.000 0.107 1.184 1.875 872.001 251.709 36.653
0.985 0.001 0.110 0.967 0.000 0.109 1.184 1.997 879.240 251.709 36.653
0.994 0.001 0.110 0.974 0.000 0.110 1.183 2.686 891.909 253.513 34.908
1.001 0.001 0.112 0.979 0.000 0.110 1.182 1.936 872.001 251.709 43.635
1.006 0.001 0.114 0.984 0.000 0.112 1.183 1.936 873.811 246.297 45.380
1.011 0.001 0.115 0.987 0.000 0.114 1.182 1.936 879.240 255.317 40.144
1.014 0.001 0.115 0.989 0.000 0.115 1.180 2.686 886.479 262.533 43.635
1.016 0.001 0.117 0.990 0.000 0.115 1.179 1.936 879.240 255.317 43.635
1.017 0.001 0.119 0.990 0.000 0.117 1.181 1.936 884.669 242.689 45.380
1.017 0.001 0.121 0.990 0.000 0.119 1.180 1.997 881.050 260.729 45.380
1.017 0.001 0.122 1.017 0.001 0.121 1.180 1.936 886.479 251.709 40.144
1.018 0.001 0.122 1.017 0.001 0.122 1.181 2.686 862.952 242.689 41.889
1.020 0.001 0.124 1.016 0.001 0.122 1.181 1.997 872.001 244.493 43.635
1.021 0.001 0.126 1.015 0.001 0.124 1.180 1.997 868.381 251.709 40.144
1.021 0.001 0.127 1.013 0.001 0.126 1.181 1.875 881.050 246.297 24.435
1.022 0.001 0.127 1.010 0.001 0.127 1.182 2.808 866.571 242.689 34.908
1.020 0.002 0.129 1.006 0.001 0.127 1.182 1.936 866.571 242.689 34.908
1.016 0.002 0.131 1.000 0.001 0.129 1.183 1.936 897.338 244.493 36.653
1.010 0.002 0.132 0.993 0.001 0.131 1.184 1.997 875.620 244.493 33.162
1.004 0.002 0.132 0.985 0.001 0.132 1.184 2.502 886.479 244.493 43.635
0.996 0.002 0.134 0.976 0.001 0.132 1.184 2.119 884.669 253.513 38.398
0.986 0.002 0.136 0.965 0.001 0.134 1.184 1.813 875.620 240.885 26.181
0.975 0.002 0.138 0.953 0.001 0.136 1.184 2.119 879.240 251.709 54.107
0.964 0.002 0.138 0.940 0.001 0.138 1.183 2.563 879.240 251.709 33.162
0.950 0.002 0.139 0.926 0.001 0.138 1.181 1.936 870.191 257.121 52.361
0.935 0.002 0.141 0.910 0.001 0.139 1.182 2.058 881.050 242.689 38.398
0.919 0.002 0.143 0.893 0.001 0.141 1.181 1.875 873.811 257.121 31.417
0.902 0.002 0.143 0.875 0.001 0.143 1.183 2.625 881.050 239.081 48.871
0.883 0.002 0.145 0.856 0.001 0.143 1.184 1.936 881.050 239.081 48.871
0.863 0.002 0.146 0.835 0.001 0.145 1.184 1.997 886.479 255.317 43.635
0.842 0.001 0.148 0.814 0.001 0.146 1.184 1.813 884.669 246.297 45.380
0.819 0.001 0.148 0.792 0.001 0.148 1.184 2.747 890.099 251.709 29.672
0.796 0.001 0.150 0.769 0.001 0.148 1.183 1.936 884.669 253.513 48.871
0.772 0.001 0.151 0.747 0.001 0.150 1.183 1.936 888.289 253.513 45.380
0.748 0.001 0.153 0.724 0.001 0.151 1.180 2.058 875.620 266.140 43.635
0.725 0.001 0.153 0.702 0.001 0.153 1.180 2.808 872.001 248.101 26.181
0.701 0.001 0.155 0.679 0.001 0.153 1.181 1.813 877.430 242.689 48.871
0.678 0.001 0.156 0.657 0.001 0.155 1.180 1.997 884.669 257.121 34.908
0.654 0.001 0.158 0.634 0.001 0.156 1.181 2.058 879.240 244.493 43.635
0.631 0.001 0.158 0.612 0.001 0.158 1.182 2.686 888.289 246.297 20.945
0.607 0.000 0.160 0.589 0.001 0.158 1.183 1.936 891.909 246.297 31.417
0.583 0.000 0.162 0.567 0.001 0.160 1.183 1.936 875.620 251.709 40.144
0.559 0.000 0.163 0.544 0.001 0.162 1.182 2.058 886.479 255.317 40.144
0.535 0.000 0.163 0.522 0.001 0.163 1.182 2.686 888.289 253.513 45.380
0.512 0.000 0.165 0.499 0.001 0.163 1.180 2.058 875.620 258.925 50.616
0.487 -0.001 0.167 0.477 0.001 0.165 1.180 1.936 890.099 251.709 40.144
0.464 -0.001 0.168 0.454 0.000 0.167 1.180 1.630 870.191 246.297 24.435
0.441 -0.000 0.168 0.432 0.000 0.168 1.180 2.686 881.050 257.121 41.889
0.417 -0.000 0.170 0.409 0.000 0.168 1.181 1.936 888.289 242.689 38.398
0.393 -0.001 0.172 0.387 0.000 0.170 1.180 2.241 884.669 257.121 34.908
0.370 -0.000 0.173 0.364 0.000 0.172 1.179 1.752 875.620 255.317 40.144
0.347 -0.000 0.173 0.342 0.000 0.173 1.178 2.686 877.430 260.729 55.852
0.323 -0.001 0.175 0.319 0.000 0.173 1.178 1.997 895.528 257.121 34.908
0.300 -0.001 0.177 0.297 0.000 0.175 1.178 1.997 873.811 249.905 34.908
0.277 -0.000 0.179 0.274 0.000 0.177 1.177 1.875 881.050 260.729 34.908
0.254 -0.000 0.179 0.252 0.000 0.179 1.177 2.747 888.289 260.729 34.908
0.231 -0.000 0.180 0.230 0.000 0.179 1.179 2.058 890.099 244.493 33.162
0.208 -0.000 0.182 0.208 0.000 0.180 1.180 2.058 882.860 244.493 36.653
0.185 -0.000 0.184 0.187 0.000 0.182 1.180 1.875 872.001 248.101 40.144
0.162 -0.000 0.184 0.168 0.000 0.184 1.180 2.747 873.811 253.513 41.889
0.140 -0.001 0.185 0.150 0.000 0.184 1.181 1.875 890.099 248.101 36.653
0.120 -0.001 0.187 0.133 0.000 0.185 1.181 1.936 879.240 251.709 29.672
0.101 -0.001 0.189 0.117 0.000 0.187 1.179 1.997 873.811 257.121 48.871
0.083 -0.001 0.189 0.103 0.000 0.189 1.179 2.625 884.669 253.513 52.361
0.068 -0.001 0.191 0.090 0.000 0.189 1.179 1.997 882.860 255.317 36.653
0.054 -0.001 0.192 0.078 0.000 0.191 1.179 1.875 882.860 255.317 36.653
0.041 -0.000 0.194 0.067 0.000 0.192 1.178 1.997 877.430 253.513 48.871
0.030 -0.000 0.194 0.058 0.000 0.194 1.179 2.686 879.240 248.101 47.125
0.020 -0.000 0.196 0.050 0.000 0.194 1.178 1.936 872.001 258.925 43.635
0.011 0.000 0.197 0.043 0.000 0.196 1.179 1.936 888.289 249.905 45.380
0.004 0.000 0.199 0.037 0.000 0.197 1.178 1.997 886.479 258.925 29.672
-0.003 0.000 0.199 0.033 0.000 0.199 1.179 2.686 886.479 251.709 47.125
-0.007 0.001 0.201 0.030 0.000 0.199 1.178 1.997 881.050 260.729 45.380
-0.011 0.001 0.202 0.028 0.000 0.201 1.177 1.936 879.240 255.317 36.653
-0.013 0.001 0.204 0.027 0.000 0.202 1.177 1.875 884.669 260.729 52.361
-0.014 0.001 0.204 0.028 0.000 0.204 1.176 2.686 879.240 258.925 40.144
-0.014 0.001 0.206 0.029 0.000 0.204 1.176 1.997 875.620 251.709 33.162
-0.013 0.001 0.208 0.030 0.000 0.206 1.178 1.936 890.099 248.101 43.635
-0.013 0.001 0.209 -0.013 0.001 0.208 1.178 1.936 872.001 251.709 19.199
-0.015 0.001 0.209 -0.013 0.001 0.207 1.178 2.747 897.338 251.709 26.181
-0.018 0.001 0.211 -0.012 0.001 0.207 1.180 1.630 890.099 240.885 33.162
-0.020 0.001 0.213 -0.011 0.001 0.205 1.181 2.180 862.952 242.689 31.417
-0.022 0.001 0.214 -0.010 0.001 0.201 1.180 1.875 888.289 257.121 27.926
-0.024 0.001 0.214 -0.006 0.001 0.195 1.180 2.625 888.289 253.513 31.417
-0.023 0.001 0.216 -0.002 0.001 0.186 1.179 2.058 877.430 253.513 41.889
-0.019 0.001 0.218 0.004 0.001 0.175 1.180 1.936 866.571 246.297 38.398
-0.015 0.001 0.219 0.010 0.001 0.161 1.180 1.875 879.240 251.709 43.635
-0.010 0.001 0.219 0.019 0.001 0.145 1.179 2.930 886.479 258.925 33.162
-0.002 0.001 0.221 0.028 0.001 0.129 1.179 1.813 873.811 253.513 34.908
0.007 0.001 0.223 0.039 0.001 0.111 1.180 1.997 879.240 240.885 47.125
0.017 0.001 0.224 0.050 0.001 0.094 1.181 1.936 891.909 249.905 34.908
0.029 0.001 0.224 0.064 0.001 0.076 1.179 2.686 872.001 258.925 64.579
0.042 0.001 0.226 0.078 0.001 0.060 1.179 1.875 882.860 258.925 50.616
0.057 0.001 0.228 0.094 0.001 0.044 1.178 1.936 879.240 258.925 40.144
0.072 0.001 0.229 0.110 0.001 0.030 1.178 1.936 882.860 251.709 26.181
0.089 0.001 0.229 0.129 0.001 0.019 1.178 2.563 873.811 253.513 45.380
0.108 0.001 0.231 0.148 0.001 0.010 1.178 2.058 882.860 255.317 33.162
0.127 0.001 0.233 0.169 0.001 0.004 1.178 1.936 890.099 255.317 47.125
0.148 0.001 0.235 0.190 0.001 0.000 1.177 1.936 868.381 255.317 47.125
0.170 0.001 0.235 0.214 0.001 -0.002 1.178 2.686 884.669 249.905 31.417
0.194 0.001 0.236 0.238 0.001 -0.002 1.180 2.058 882.860 240.885 43.635
0.219 0.001 0.238 0.264 0.001 -0.002 1.181 2.058 877.430 242.689 24.435
0.245 0.001 0.240 0.290 0.001 0.238 1.182 1.752 890.099 251.709 43.635
0.272 0.002 0.240 0.319 0.001 0.240 1.182 2.869 882.860 248.101 47.125
0.301 0.002 0.241 0.348 0.001 0.240 1.180 1.875 877.430 260.729 31.417
0.330 0.002 0.243 0.379 0.001 0.241 1.179 1.813 873.811 260.729 48.871
0.359 0.002 0.245 0.410 0.001 0.243 1.177 2.058 870.191 260.729 31.417
0.388 0.002 0.245 0.444 0.001 0.245 1.177 2.747 884.669 257.121 27.926
0.417 0.002 0.246 0.478 0.001 0.245 1.177 1.875 884.669 257.121 27.926
0.446 0.002 0.248 0.513 0.001 0.246 1.177 1.936 879.240 255.317 47.125
0.474 0.002 0.250 0.549 0.001 0.248 1.176 2.058 886.479 258.925 43.635
0.503 0.002 0.250 0.585 0.001 0.250 1.177 2.747 886.479 255.317 43.635
0.533 0.001 0.252 0.622 0.000 0.250 1.178 1.997 893.719 248.101 29.672
0.562 0.001 0.253 0.658 0.000 0.252 1.180 2.058 882.860 244.493 43.635
0.591 0.001 0.255 0.694 0.000 0.253 1.178 1.875 877.430 264.336 45.380
0.621 0.001 0.255 0.730 0.000 0.255 1.179 2.869 886.479 244.493 26.181
0.650 0.001 0.256 0.767 0.000 0.255 1.180 1.752 888.289 246.297 41.889
0.680 0.001 0.258 0.803 0.000 0.256 1.178 1.936 884.669 264.336 48.871
0.710 0.001 0.260 0.839 0.000 0.258 1.180 1.875 884.669 246.297 41.889
0.739 0.001 0.260 0.875 0.000 0.260 1.180 2.930 891.909 249.905 52.361
0.769 0.001 0.262 0.912 0.000 0.260 1.181 1.997 891.909 249.905 52.361
0.799 0.001 0.263 0.948 0.000 0.262 1.180 1.997 888.289 260.729 45.380
0.829 0.001 0.265 0.984 0.000 0.263 1.179 2.119 891.909 260.729 34.908
0.859 0.001 0.265 1.020 0.000 0.265 1.178 2.686 884.669 260.729 48.871
0.889 0.001 0.267 1.057 0.000 0.265 1.179 1.997 872.001 244.493 43.635
0.918 0.001 0.269 1.093 0.000 0.267 1.179 1.875 875.620 255.317 36.653
0.948 0.001 0.270 1.129 0.000 0.269 1.178 1.875 879.240 258.925 47.125
0.978 0.001 0.270 1.165 0.000 0.270 1.178 2.747 868.381 251.709 47.125
1.008 0.001 0.272 1.202 0.000 0.270 1.179 2.058 881.050 246.297 24.435
1.038 0.001 0.274 1.238 0.000 0.272 1.180 1.813 893.719 244.493 36.653
1.068 0.001 0.275 1.274 0.000 0.274 1.181 1.875 875.620 248.101 47.125
1.098 0.001 0.275 1.310 0.000 0.275 1.182 2.625 881.050 242.689 48.871
1.128 0.001 0.277 1.347 0.000 0.275 1.181 1.997 882.860 258.925 43.635
1.158 0.001 0.279 1.383 0.000 0.277 1.181 1.875 886.479 251.709 36.653
1.188 0.001 0.280 1.419 0.000 0.279 1.181 1.997 881.050 253.513 41.889
1.218 0.001 0.280 1.455 0.000 0.280 1.183 2.747 872.001 237.277 43.635
1.248 0.001 0.282 1.491 0.000 0.280 1.182 1.936 882.860 255.317 36.653
1.278 0.001 0.284 1.526 0.000 0.282 1.182 1.875 882.860 251.709 33.162
1.308 0.001 0.285 1.561 0.000 0.284 1.180 1.813 877.430 257.121 38.398
1.338 0.001 0.285 1.594 0.000 0.285 1.180 2.747 884.669 253.513 27.926
1.368 0.001 0.287 1.626 0.000 0.285 1.180 1.936 884.669 253.513 45.380
1.398 0.001 0.289 1.656 0.000 0.287 1.179 1.936 888.289 257.121 41.889
1.428 0.001 0.290 1.686 0.000 0.289 1.178 1.813 879.240 258.925 40.144
1.458 0.001 0.290 1.714 0.000 0.290 1.178 2.747 873.811 253.513 38.398
1.488 0.001 0.292 1.741 0.000 0.290 1.179 1.813 895.528 249.905 34.908
1.518 0.001 0.294 1.766 0.000 0.292 1.179 2.058 882.860 255.317 33.162
1.548 0.001 0.295 1.791 0.000 0.294 1.177 1.936 870.191 260.729 48.871
1.578 0.001 0.295 1.814 0.000 0.295 1.179 2.747 891.909 242.689 34.908
1.608 0.001 0.297 1.836 0.000 0.295 1.182 1.997 879.240 237.277 43.635
1.638 0.001 0.299 1.856 0.000 0.297 1.180 1.752 879.240 258.925 36.653
1.668 0.001 0.300 1.876 0.000 0.299 1.180 1.997 877.430 253.513 41.889
1.698 0.001 0.300 1.894 0.000 0.300 1.181 2.563 884.669 249.905 34.908
1.728 0.001 0.302 1.911 0.000 0.300 1.182 2.119 877.430 239.081 45.380
1.758 0.001 0.304 1.926 0.000 0.302 1.184 1.936 882.860 240.885 54.107
1.788 0.001 0.305 1.941 0.000 0.304 1.184 1.875 881.050 246.297 24.435
1.818 0.001 0.305 1.954 0.000 0.305 1.184 2.563 877.430 249.905 41.889
1.847 0.001 0.307 1.966 0.000 0.305 1.181 1.813 875.620 262.533 47.125
1.874 0.001 0.309 1.976 0.000 0.307 1.179 1.813 875.620 262.533 47.125
1.898 0.001 0.310 1.986 0.000 0.309 1.178 2.058 895.528 260.729 48.871
1.919 0.001 0.310 1.994 0.000 0.310 1.181 2.747 890.099 240.885 43.635
1.938 0.001 0.312 2.001 -0.000 0.310 1.180 1.813 868.381 251.709 36.653
1.953 0.001 0.314 2.006 -0.000 0.312 1.181 2.058 882.860 248.101 36.653
1.967 0.001 0.316 2.011 -0.000 0.314 1.181 1.997 879.240 248.101 33.162
1.980 0.001 0.316 2.014 -0.000 0.316 1.180 2.625 886.479 258.925 40.144
1.991 0.001 0.317 2.016 -0.000 0.316 1.180 1.936 888.289 257.121 45.380
2.000 0.001 0.319 2.017 -0.000 0.317 1.177 1.936 877.430 267.944 41.889
2.007 0.001 0.321 2.017 -0.000 0.319 1.176 1.936 866.571 257.121 41.889
2.013 0.001 0.321 2.017 -0.000 0.321 1.176 2.747 872.001 255.317 50.616
