x_est y_est heading_est x_ref y_ref heading_ref magdwick gyro mag_x mag_y mag_z
0.000 0.000 0.036 0.000 0.000 0.000 0.899 2.808 890.099 269.748 12.218
0.001 -0.002 0.038 0.000 0.000 0.036 0.921 2.241 884.669 264.336 27.926
0.002 -0.005 0.040 0.000 0.000 0.038 0.948 2.302 891.909 260.729 20.945
0.002 -0.005 0.042 0.001 0.000 0.040 0.972 1.936 881.050 271.552 31.417
0.001 -0.004 0.042 0.003 0.000 0.042 0.990 2.808 888.289 264.336 38.398
-0.002 -0.001 0.044 0.005 0.000 0.042 1.010 2.119 886.479 273.356 26.181
-0.005 0.004 0.045 0.008 0.000 0.044 1.028 2.058 872.001 276.964 36.653
-0.009 0.012 0.047 0.011 0.000 0.045 1.045 2.302 884.669 267.944 45.380
-0.012 0.019 0.047 0.015 0.000 0.047 1.060 2.808 881.050 271.552 38.398
-0.012 0.022 0.049 0.020 0.000 0.047 1.076 1.936 890.099 255.317 54.107
-0.010 0.026 0.051 0.025 0.000 0.049 1.090 2.180 872.001 244.493 26.181
-0.007 0.029 0.053 0.031 0.000 0.051 1.100 2.058 888.289 267.944 24.435
-0.004 0.031 0.053 0.038 0.000 0.053 1.111 2.563 886.479 251.709 33.162
0.002 0.032 0.055 0.045 0.000 0.053 1.119 2.180 882.860 266.140 40.144
0.009 0.033 0.056 0.053 0.000 0.055 1.127 1.997 882.860 258.925 33.162
0.016 0.034 0.058 0.061 0.000 0.056 1.131 2.180 882.860 276.964 40.144
0.024 0.034 0.058 0.070 0.000 0.058 1.138 2.747 870.191 253.513 38.398
0.034 0.034 0.060 0.080 0.000 0.058 1.145 2.180 884.669 239.081 45.380
0.044 0.034 0.062 0.090 0.000 0.060 1.152 1.997 884.669 239.081 45.380
0.055 0.033 0.064 0.101 0.000 0.062 1.155 2.119 891.909 260.729 45.380
0.066 0.032 0.064 0.113 0.000 0.064 1.158 2.869 873.811 257.121 48.871
0.079 0.031 0.066 0.125 0.000 0.064 1.160 2.058 875.620 258.925 40.144
0.093 0.030 0.067 0.138 0.000 0.066 1.161 2.058 864.762 258.925 26.181
0.107 0.029 0.069 0.150 0.000 0.067 1.163 2.119 882.860 258.925 36.653
0.122 0.028 0.069 0.163 0.000 0.069 1.162 2.808 882.860 273.356 40.144
0.137 0.027 0.071 0.175 0.000 0.069 1.164 2.058 882.860 255.317 43.635
0.151 0.025 0.073 0.188 0.000 0.071 1.166 2.180 872.001 251.709 33.162
0.166 0.024 0.075 0.200 0.000 0.073 1.168 1.997 886.479 251.709 26.181
0.180 0.023 0.075 0.213 0.000 0.075 1.170 2.747 890.099 255.317 50.616
0.195 0.021 0.077 0.225 0.000 0.075 1.172 2.119 881.050 242.689 41.889
0.209 0.020 0.078 0.238 0.000 0.077 1.175 1.997 881.050 242.689 41.889
0.224 0.019 0.080 0.250 0.000 0.078 1.175 2.241 888.289 257.121 45.380
0.238 0.017 0.080 0.263 0.000 0.080 1.175 2.747 879.240 255.317 43.635
0.252 0.016 0.082 0.275 0.000 0.080 1.176 2.180 877.430 253.513 45.380
0.267 0.014 0.084 0.287 0.000 0.082 1.176 2.058 875.620 248.101 40.144
0.281 0.013 0.086 0.300 0.000 0.084 1.178 2.058 873.811 246.297 55.852
0.296 0.011 0.086 0.312 0.000 0.086 1.177 2.869 873.811 253.513 34.908
0.310 0.010 0.088 0.325 0.000 0.086 1.176 2.180 859.332 253.513 45.380
0.324 0.009 0.090 0.337 0.000 0.088 1.178 2.119 879.240 240.885 40.144
0.338 0.007 0.091 0.350 0.000 0.090 1.179 2.058 884.669 249.905 45.380
0.352 0.006 0.091 0.362 0.000 0.091 1.180 2.869 859.332 239.081 34.908
0.366 0.005 0.091 0.375 0.000 0.091 1.181 2.869 886.479 248.101 29.672
0.380 0.005 0.093 0.387 0.000 0.091 1.181 1.936 886.479 248.101 29.672
0.394 0.004 0.095 0.400 0.000 0.093 1.184 2.241 879.240 233.669 47.125
0.408 0.003 0.095 0.412 0.000 0.095 1.184 2.747 884.669 249.905 24.435
0.422 0.002 0.095 0.425 0.000 0.095 1.182 2.747 873.811 253.513 20.945
0.436 0.002 0.097 0.437 0.000 0.095 1.183 2.119 882.860 244.493 22.690
0.449 0.001 0.099 0.450 0.000 0.097 1.183 2.058 877.430 249.905 34.908
0.462 0.000 0.099 0.462 0.000 0.099 1.183 2.808 891.909 246.297 20.945
0.476 -0.000 0.100 0.475 0.000 0.099 1.183 2.119 875.620 248.101 43.635
0.489 -0.001 0.102 0.487 0.000 0.100 1.181 2.058 875.620 258.925 43.635
0.502 -0.001 0.104 0.500 0.000 0.102 1.181 2.119 875.620 248.101 43.635
0.515 -0.002 0.104 0.512 0.000 0.104 1.179 2.930 888.289 267.944 34.908
0.529 -0.002 0.106 0.525 0.000 0.104 1.180 1.997 873.811 242.689 34.908
0.542 -0.003 0.108 0.537 0.000 0.106 1.180 2.119 884.669 253.513 34.908
0.554 -0.003 0.110 0.550 0.000 0.108 1.180 2.119 877.430 246.297 34.908
0.567 -0.003 0.110 0.562 0.000 0.110 1.181 2.747 879.240 248.101 40.144
0.581 -0.003 0.110 0.575 0.000 0.110 1.179 2.930 866.571 257.121 31.417
0.593 -0.004 0.111 0.587 0.000 0.110 1.179 2.119 888.289 253.513 45.380
0.606 -0.004 0.113 0.600 0.000 0.111 1.180 2.119 862.952 239.081 45.380
0.619 -0.004 0.113 0.612 0.000 0.113 1.181 2.747 884.669 249.905 38.398
0.632 -0.004 0.115 0.625 0.000 0.113 1.180 2.180 875.620 251.709 47.125
0.645 -0.004 0.117 0.637 0.000 0.115 1.178 1.997 873.811 264.336 38.398
0.657 -0.004 0.119 0.650 0.000 0.117 1.177 2.119 877.430 257.121 45.380
0.670 -0.004 0.119 0.662 0.000 0.119 1.180 2.808 882.860 233.669 47.125
0.683 -0.004 0.119 0.675 0.000 0.119 1.180 2.808 873.811 253.513 34.908
0.696 -0.004 0.121 0.687 0.000 0.119 1.179 2.058 886.479 255.317 40.144
0.708 -0.004 0.122 0.700 0.000 0.121 1.179 2.058 882.860 255.317 33.162
0.721 -0.004 0.122 0.712 0.000 0.122 1.178 2.869 884.669 260.729 20.945
0.733 -0.004 0.122 0.725 0.000 0.122 1.179 2.686 868.381 240.885 36.653
0.746 -0.005 0.124 0.737 0.000 0.122 1.179 2.058 886.479 251.709 26.181
0.758 -0.005 0.126 0.750 0.000 0.124 1.179 2.119 877.430 253.513 41.889
0.771 -0.005 0.126 0.762 0.000 0.126 1.181 2.869 890.099 240.885 36.653
0.783 -0.005 0.126 0.775 0.000 0.126 1.182 2.808 875.620 240.885 33.162
0.796 -0.005 0.128 0.787 0.000 0.126 1.183 2.058 872.001 240.885 33.162
0.808 -0.005 0.130 0.800 0.000 0.128 1.186 1.997 875.620 230.061 40.144
0.821 -0.005 0.130 0.812 0.000 0.130 1.186 2.869 881.050 242.689 45.380
0.833 -0.005 0.130 0.825 0.000 0.130 1.186 2.808 873.811 242.689 41.889
0.846 -0.005 0.131 0.837 0.000 0.130 1.187 2.058 866.571 239.081 45.380
0.858 -0.005 0.133 0.850 0.000 0.131 1.184 2.119 873.811 257.121 38.398
0.871 -0.005 0.133 0.862 0.000 0.133 1.183 2.747 861.142 248.101 33.162
0.883 -0.005 0.133 0.875 0.000 0.133 1.183 2.869 877.430 249.905 34.908
0.896 -0.005 0.135 0.887 0.000 0.133 1.183 1.997 881.050 246.297 24.435
0.908 -0.005 0.137 0.899 0.000 0.135 1.184 2.119 872.001 240.885 54.107
0.920 -0.005 0.137 0.910 0.000 0.137 1.185 2.808 886.479 240.885 40.144
0.931 -0.005 0.137 0.920 0.000 0.137 1.184 2.869 875.620 255.317 50.616
0.941 -0.005 0.139 0.930 0.000 0.137 1.184 2.058 882.860 244.493 40.144
0.951 -0.005 0.140 0.939 0.000 0.139 1.184 2.119 862.952 242.689 34.908
0.960 -0.005 0.140 0.947 0.000 0.140 1.184 2.747 888.289 249.905 34.908
0.968 -0.005 0.140 0.955 0.000 0.140 1.182 2.869 879.240 262.533 43.635
0.976 -0.005 0.142 0.962 0.000 0.140 1.183 2.058 868.381 237.277 40.144
0.983 -0.005 0.144 0.969 0.000 0.142 1.184 2.119 868.381 237.277 40.144
0.989 -0.005 0.146 0.975 0.000 0.144 1.184 2.058 877.430 246.297 41.889
0.995 -0.005 0.146 0.980 0.000 0.146 1.184 2.747 886.479 251.709 36.653
1.000 -0.005 0.148 0.985 0.000 0.146 1.185 2.180 864.762 237.277 33.162
1.005 -0.005 0.149 0.989 0.000 0.148 1.183 1.997 884.669 257.121 45.380
1.009 -0.005 0.151 0.992 0.000 0.149 1.182 2.119 882.860 255.317 26.181
1.012 -0.005 0.151 0.995 0.000 0.151 1.182 2.808 870.191 249.905 38.398
1.015 -0.005 0.153 0.997 0.000 0.151 1.182 2.058 877.430 246.297 34.908
1.017 -0.004 0.155 0.999 0.000 0.153 1.181 2.058 890.099 258.925 29.672
1.019 -0.004 0.157 1.000 0.000 0.155 1.181 2.058 879.240 251.709 36.653
1.020 -0.004 0.157 1.000 0.000 0.157 1.182 2.808 870.191 239.081 41.889
1.020 -0.004 0.159 1.000 0.000 0.157 1.183 2.119 888.289 246.297 34.908
1.020 -0.004 0.159 1.020 -0.004 0.159 1.183 2.869 872.001 244.493 36.653
1.021 -0.004 0.161 1.020 -0.004 0.159 1.183 2.241 877.430 246.297 45.380
1.022 -0.004 0.162 1.020 -0.004 0.161 1.182 1.997 875.620 251.709 43.635
1.023 -0.005 0.164 1.019 -0.004 0.162 1.184 1.997 873.811 239.081 41.889
1.024 -0.005 0.164 1.017 -0.004 0.164 1.183 2.930 872.001 248.101 43.635
1.025 -0.005 0.166 1.015 -0.004 0.164 1.181 1.936 872.001 258.925 40.144
1.024 -0.005 0.167 1.012 -0.004 0.166 1.181 1.997 890.099 251.709 47.125
1.021 -0.006 0.169 1.009 -0.004 0.167 1.181 2.363 890.099 251.709 47.125
1.019 -0.006 0.169 1.005 -0.004 0.169 1.181 2.563 861.142 248.101 40.144
1.016 -0.006 0.171 1.000 -0.004 0.169 1.180 2.180 866.571 253.513 48.871
1.011 -0.006 0.173 0.995 -0.004 0.171 1.180 2.180 875.620 244.493 26.181
1.006 -0.006 0.175 0.989 -0.004 0.173 1.179 1.997 877.430 253.513 27.926
1.002 -0.006 0.175 0.982 -0.004 0.175 1.179 2.563 870.191 239.081 38.398
0.995 -0.006 0.177 0.975 -0.004 0.175 1.179 2.241 877.430 246.297 24.435
0.987 -0.006 0.179 0.967 -0.004 0.177 1.181 1.997 888.289 239.081 52.361
0.980 -0.006 0.180 0.959 -0.004 0.179 1.184 1.875 868.381 233.669 40.144
0.973 -0.006 0.180 0.950 -0.004 0.180 1.184 3.113 870.191 242.689 34.908
0.964 -0.006 0.182 0.940 -0.004 0.180 1.185 1.752 879.240 240.885 43.635
0.953 -0.006 0.184 0.930 -0.004 0.182 1.186 2.058 899.148 239.081 45.380
0.943 -0.006 0.185 0.919 -0.004 0.184 1.188 2.058 899.148 239.081 45.380
0.933 -0.007 0.185 0.907 -0.004 0.185 1.187 2.930 872.001 244.493 26.181
0.920 -0.007 0.187 0.895 -0.004 0.185 1.187 1.997 879.240 244.493 43.635
0.907 -0.007 0.189 0.882 -0.004 0.187 1.188 2.363 879.240 237.277 43.635
0.895 -0.008 0.191 0.870 -0.004 0.189 1.186 2.058 882.860 251.709 61.088
0.882 -0.008 0.191 0.857 -0.004 0.191 1.185 2.563 890.099 255.317 54.107
0.867 -0.008 0.193 0.845 -0.003 0.191 1.187 2.241 891.909 235.473 48.871
0.853 -0.008 0.195 0.832 -0.003 0.193 1.187 1.997 877.430 242.689 41.889
0.839 -0.008 0.197 0.820 -0.003 0.195 1.185 1.997 873.811 253.513 38.398
0.826 -0.008 0.197 0.807 -0.003 0.197 1.183 2.808 879.240 258.925 43.635
0.812 -0.008 0.198 0.795 -0.003 0.197 1.183 2.058 882.860 251.709 29.672
0.799 -0.008 0.200 0.782 -0.003 0.198 1.181 2.058 855.713 249.905 45.380
0.786 -0.008 0.202 0.770 -0.003 0.200 1.183 1.997 881.050 242.689 34.908
0.773 -0.008 0.202 0.757 -0.003 0.202 1.184 2.808 875.620 237.277 36.653
0.759 -0.008 0.204 0.745 -0.003 0.202 1.184 1.997 872.001 248.101 36.653
0.746 -0.008 0.205 0.732 -0.003 0.204 1.185 2.119 873.811 239.081 38.398
0.733 -0.008 0.207 0.720 -0.003 0.205 1.185 2.058 875.620 244.493 43.635
0.720 -0.008 0.207 0.707 -0.003 0.207 1.183 2.808 888.289 260.729 34.908
0.707 -0.008 0.209 0.695 -0.003 0.207 1.184 2.058 877.430 242.689 48.871
0.693 -0.008 0.211 0.682 -0.003 0.209 1.184 2.119 888.289 246.297 38.398
0.680 -0.008 0.213 0.670 -0.003 0.211 1.183 1.997 870.191 249.905 41.889
0.667 -0.008 0.213 0.657 -0.003 0.213 1.183 2.869 875.620 248.101 47.125
0.653 -0.008 0.214 0.645 -0.003 0.213 1.183 1.936 864.762 244.493 47.125
0.640 -0.008 0.216 0.632 -0.003 0.214 1.183 2.119 884.669 249.905 45.380
0.627 -0.008 0.218 0.620 -0.003 0.216 1.183 1.997 881.050 246.297 52.361
0.614 -0.008 0.218 0.607 -0.002 0.218 1.184 2.808 877.430 242.689 34.908
0.601 -0.008 0.220 0.595 -0.002 0.218 1.183 2.119 877.430 253.513 34.908
0.588 -0.008 0.222 0.582 -0.002 0.220 1.182 1.997 888.289 257.121 48.871
0.575 -0.008 0.223 0.570 -0.002 0.222 1.183 2.058 870.191 235.473 38.398
0.562 -0.008 0.223 0.557 -0.002 0.223 1.183 2.869 879.240 251.709 33.162
0.549 -0.007 0.225 0.545 -0.002 0.223 1.182 2.119 888.289 257.121 41.889
0.536 -0.007 0.227 0.532 -0.002 0.225 1.181 1.997 881.050 257.121 38.398
0.523 -0.007 0.229 0.520 -0.002 0.227 1.182 2.119 875.620 244.493 29.672
0.511 -0.007 0.229 0.507 -0.002 0.229 1.183 2.747 872.001 237.277 40.144
0.498 -0.006 0.231 0.495 -0.002 0.229 1.185 2.180 888.289 235.473 27.926
0.485 -0.006 0.232 0.482 -0.002 0.231 1.185 1.997 877.430 249.905 45.380
0.472 -0.006 0.234 0.470 -0.002 0.232 1.186 2.180 862.952 231.865 38.398
0.460 -0.006 0.234 0.457 -0.002 0.234 1.185 2.869 873.811 249.905 45.380
0.447 -0.005 0.236 0.445 -0.002 0.234 1.185 2.119 872.001 248.101 50.616
0.434 -0.006 0.238 0.432 -0.002 0.236 1.185 1.997 875.620 244.493 50.616
0.421 -0.005 0.240 0.420 -0.002 0.238 1.185 2.058 873.811 242.689 45.380
0.408 -0.005 0.240 0.407 -0.002 0.240 1.183 2.808 877.430 257.121 27.926
0.396 -0.006 0.242 0.395 -0.002 0.240 1.181 2.119 870.191 260.729 31.417
0.383 -0.006 0.243 0.382 -0.002 0.242 1.183 2.058 879.240 237.277 43.635
0.370 -0.005 0.245 0.370 -0.002 0.243 1.184 2.119 873.811 239.081 34.908
0.358 -0.006 0.245 0.357 -0.001 0.245 1.186 2.808 882.860 233.669 29.672
0.345 -0.006 0.247 0.345 -0.001 0.245 1.185 2.119 872.001 248.101 50.616
0.333 -0.005 0.249 0.332 -0.001 0.247 1.186 2.119 868.381 237.277 43.635
0.320 -0.005 0.251 0.320 -0.001 0.249 1.185 2.119 875.620 248.101 43.635
0.307 -0.005 0.251 0.307 -0.001 0.251 1.184 2.747 877.430 253.513 38.398
0.295 -0.005 0.253 0.295 -0.001 0.251 1.183 2.180 862.952 246.297 38.398
0.282 -0.005 0.254 0.282 -0.001 0.253 1.182 2.119 870.191 257.121 34.908
0.270 -0.005 0.256 0.270 -0.001 0.254 1.180 2.058 875.620 258.925 36.653
0.257 -0.005 0.256 0.257 -0.001 0.256 1.180 2.747 870.191 246.297 48.871
0.245 -0.004 0.258 0.245 -0.001 0.256 1.182 2.119 875.620 240.885 33.162
0.232 -0.004 0.260 0.232 -0.001 0.258 1.183 1.997 872.001 240.885 50.616
0.220 -0.004 0.262 0.220 -0.001 0.260 1.184 2.058 873.811 239.081 52.361
0.207 -0.004 0.262 0.207 -0.001 0.262 1.182 2.808 862.952 253.513 34.908
0.195 -0.004 0.264 0.195 -0.001 0.262 1.181 2.119 868.381 255.317 26.181
0.182 -0.004 0.265 0.182 -0.001 0.264 1.182 2.058 884.669 242.689 45.380
0.170 -0.004 0.267 0.170 -0.001 0.265 1.183 2.119 884.669 242.689 45.380
0.157 -0.004 0.267 0.157 -0.001 0.267 1.184 2.686 875.620 244.493 43.635
0.145 -0.004 0.269 0.145 -0.001 0.267 1.184 2.180 866.571 239.081 45.380
0.132 -0.004 0.271 0.132 -0.001 0.269 1.185 2.058 882.860 244.493 36.653
0.120 -0.004 0.273 0.120 -0.000 0.271 1.183 2.058 881.050 257.121 38.398
0.107 -0.004 0.273 0.108 -0.000 0.273 1.184 2.808 886.479 244.493 33.162
0.095 -0.004 0.275 0.096 -0.000 0.273 1.184 2.180 882.860 248.101 40.144
0.082 -0.004 0.276 0.085 -0.000 0.275 1.183 1.997 891.909 257.121 41.889
0.070 -0.004 0.278 0.075 -0.000 0.276 1.185 2.119 879.240 237.277 40.144
0.059 -0.004 0.278 0.065 -0.000 0.278 1.183 2.869 872.001 251.709 47.125
0.048 -0.004 0.280 0.056 -0.000 0.278 1.184 2.058 866.571 239.081 48.871
0.038 -0.004 0.282 0.048 -0.000 0.280 1.186 2.058 884.669 239.081 45.380
0.030 -0.004 0.284 0.040 -0.000 0.282 1.183 2.119 879.240 258.925 36.653
0.021 -0.004 0.284 0.033 -0.000 0.284 1.183 2.808 884.669 249.905 45.380
0.014 -0.004 0.285 0.026 -0.000 0.284 1.182 2.119 881.050 253.513 38.398
0.007 -0.004 0.287 0.020 -0.000 0.285 1.186 2.058 872.001 222.846 36.653
0.001 -0.004 0.289 0.015 -0.000 0.287 1.187 2.058 888.289 242.689 41.889
-0.004 -0.004 0.289 0.010 -0.000 0.289 1.186 2.869 888.289 253.513 24.435
-0.009 -0.004 0.291 0.006 -0.000 0.289 1.188 1.997 879.240 230.061 47.125
-0.012 -0.003 0.293 0.003 -0.000 0.291 1.187 2.119 873.811 249.905 48.871
-0.016 -0.003 0.294 0.000 -0.000 0.293 1.190 1.997 881.050 224.649 45.380
-0.018 -0.003 0.294 -0.002 0.000 0.294 1.189 2.808 864.762 240.885 47.125
-0.020 -0.002 0.296 -0.004 0.000 0.294 1.186 2.058 881.050 260.729 38.398
-0.022 -0.002 0.298 -0.005 0.000 0.296 1.185 2.119 873.811 249.905 48.871
-0.022 -0.003 0.300 -0.005 0.000 0.298 1.186 2.058 873.811 242.689 59.343
-0.022 -0.003 0.300 -0.005 0.000 0.300 1.187 2.747 888.289 242.689 41.889
-0.022 -0.003 0.302 -0.022 -0.003 0.300 1.187 2.058 884.669 246.297 38.398
-0.023 -0.003 0.302 -0.022 -0.003 0.300 1.186 2.808 890.099 248.101 40.144
-0.024 -0.003 0.303 -0.022 -0.003 0.299 1.187 1.936 877.430 242.689 38.398
-0.025 -0.003 0.305 -0.021 -0.003 0.297 1.186 1.752 872.001 251.709 47.125
-0.025 -0.003 0.307 -0.019 -0.003 0.293 1.187 2.302 868.381 233.669 40.144
-0.024 -0.003 0.307 -0.017 -0.003 0.287 1.184 2.808 884.669 260.729 38.398
-0.023 -0.003 0.309 -0.014 -0.003 0.278 1.185 2.241 877.430 239.081 41.889
-0.019 -0.003 0.311 -0.011 -0.003 0.267 1.185 2.058 861.142 244.493 43.635
-0.016 -0.003 0.312 -0.007 -0.003 0.253 1.184 2.180 861.142 244.493 43.635
-0.012 -0.003 0.312 -0.002 -0.003 0.238 1.185 2.747 877.430 242.689 45.380
-0.007 -0.003 0.314 0.003 -0.003 0.221 1.184 2.180 879.240 251.709 36.653
-0.002 -0.003 0.316 0.009 -0.003 0.204 1.185 2.058 886.479 244.493 29.672
0.004 -0.003 0.318 0.016 -0.003 0.186 1.186 2.058 882.860 237.277 43.635
0.011 -0.003 0.318 0.023 -0.003 0.169 1.183 2.747 879.240 262.533 47.125
0.018 -0.003 0.320 0.031 -0.003 0.151 1.185 1.997 872.001 233.669 40.144
0.026 -0.003 0.321 0.039 -0.002 0.134 1.183 1.997 873.811 257.121 34.908
0.035 -0.003 0.323 0.048 -0.002 0.116 1.184 2.119 872.001 240.885 43.635
0.044 -0.003 0.323 0.058 -0.002 0.099 1.183 2.808 873.811 249.905 38.398
0.055 -0.003 0.325 0.068 -0.002 0.081 1.183 1.936 881.050 249.905 45.380
0.065 -0.003 0.327 0.079 -0.002 0.064 1.185 2.058 881.050 235.473 31.417
0.077 -0.003 0.329 0.091 -0.002 0.049 1.186 2.241 881.050 235.473 31.417
0.089 -0.003 0.329 0.103 -0.002 0.035 1.184 2.747 879.240 258.925 40.144
0.102 -0.004 0.331 0.115 -0.002 0.024 1.186 2.119 890.099 240.885 33.162
0.115 -0.004 0.332 0.128 -0.002 0.015 1.188 2.119 886.479 233.669 36.653
0.128 -0.004 0.334 0.140 -0.002 0.009 1.187 1.936 873.811 246.297 45.380
0.142 -0.004 0.334 0.153 -0.002 0.005 1.187 2.869 884.669 246.297 45.380
0.155 -0.004 0.336 0.165 -0.002 0.003 1.186 1.997 881.050 249.905 31.417
0.168 -0.004 0.338 0.178 -0.002 0.002 1.186 2.058 873.811 242.689 34.908
0.181 -0.004 0.339 0.190 -0.002 0.002 1.186 1.997 877.430 246.297 52.361
0.194 -0.004 0.339 0.203 -0.002 0.339 1.184 2.747 879.240 258.925 22.690
0.207 -0.003 0.341 0.215 -0.002 0.339 1.184 2.180 895.528 246.297 3.491
0.220 -0.003 0.343 0.228 -0.002 0.341 1.184 1.997 857.522 240.885 64.579
0.233 -0.003 0.345 0.240 -0.002 0.343 1.183 1.813 857.522 240.885 64.579
0.246 -0.003 0.345 0.253 -0.002 0.345 1.182 2.625 870.191 257.121 45.380
0.259 -0.003 0.347 0.265 -0.002 0.345 1.183 2.180 881.050 235.473 10.472
0.273 -0.003 0.348 0.278 -0.002 0.347 1.186 1.813 861.142 226.453 50.616
0.286 -0.003 0.350 0.290 -0.002 0.348 1.186 1.875 875.620 240.885 50.616
0.299 -0.003 0.350 0.303 -0.002 0.350 1.188 2.502 904.577 240.885 12.218
0.312 -0.003 0.352 0.315 -0.002 0.350 1.188 2.424 868.381 237.277 43.635
0.325 -0.003 0.354 0.328 -0.002 0.352 1.189 1.936 866.571 235.473 52.361
0.338 -0.003 0.355 0.340 -0.002 0.354 1.189 1.936 875.620 240.885 33.162
0.351 -0.003 0.355 0.353 -0.002 0.355 1.189 2.869 877.430 239.081 41.889
0.364 -0.003 0.357 0.365 -0.002 0.355 1.188 2.119 866.571 246.297 48.871
0.377 -0.003 0.359 0.378 -0.002 0.357 1.188 1.936 884.669 242.689 45.380
0.390 -0.003 0.361 0.390 -0.002 0.359 1.188 2.180 884.669 242.689 45.380
0.402 -0.003 0.361 0.403 -0.002 0.361 1.189 2.747 873.811 239.081 38.398
0.415 -0.003 0.362 0.415 -0.002 0.361 1.190 2.058 870.191 231.865 48.871
0.428 -0.003 0.364 0.428 -0.002 0.362 1.190 1.936 886.479 244.493 36.653
0.441 -0.003 0.366 0.440 -0.002 0.364 1.189 2.119 891.909 246.297 34.908
0.454 -0.003 0.366 0.453 -0.002 0.366 1.187 2.747 864.762 251.709 40.144
0.467 -0.003 0.368 0.465 -0.002 0.366 1.188 2.119 890.099 240.885 54.107
0.480 -0.003 0.370 0.478 -0.002 0.368 1.186 1.936 884.669 253.513 31.417
0.492 -0.003 0.371 0.490 -0.002 0.370 1.186 2.119 872.001 248.101 22.690
0.505 -0.003 0.371 0.503 -0.002 0.371 1.185 2.869 875.620 244.493 36.653
0.518 -0.003 0.373 0.515 -0.002 0.371 1.183 1.997 875.620 258.925 54.107
0.531 -0.003 0.375 0.528 -0.002 0.373 1.183 2.058 890.099 255.317 50.616
0.543 -0.002 0.377 0.540 -0.002 0.375 1.182 2.241 890.099 255.317 50.616
0.556 -0.002 0.377 0.553 -0.002 0.377 1.185 2.747 859.332 224.649 41.889
0.569 -0.003 0.379 0.565 -0.002 0.377 1.185 2.180 872.001 240.885 43.635
0.581 -0.002 0.381 0.578 -0.002 0.379 1.185 1.997 884.669 249.905 27.926
0.594 -0.002 0.382 0.590 -0.002 0.381 1.183 2.119 875.620 255.317 47.125
0.606 -0.002 0.382 0.603 -0.002 0.382 1.184 2.747 884.669 246.297 34.908
0.619 -0.002 0.384 0.615 -0.002 0.382 1.185 2.058 890.099 240.885 47.125
0.631 -0.002 0.386 0.628 -0.002 0.384 1.186 2.058 870.191 239.081 52.361
0.644 -0.002 0.388 0.640 -0.002 0.386 1.186 2.119 861.142 240.885 40.144
0.656 -0.003 0.388 0.653 -0.002 0.388 1.186 2.747 882.860 244.493 26.181
0.668 -0.003 0.390 0.665 -0.002 0.388 1.186 2.241 866.571 242.689 34.908
0.681 -0.003 0.392 0.678 -0.002 0.390 1.185 1.997 873.811 249.905 41.889
0.694 -0.003 0.393 0.690 -0.002 0.392 1.184 2.058 873.811 249.905 41.889
0.706 -0.003 0.393 0.703 -0.002 0.393 1.184 2.869 884.669 246.297 20.945
0.718 -0.003 0.395 0.715 -0.002 0.393 1.184 2.058 884.669 249.905 31.417
0.731 -0.003 0.397 0.728 -0.002 0.395 1.184 2.180 872.001 244.493 33.162
0.744 -0.003 0.399 0.740 -0.002 0.397 1.185 2.058 873.811 239.081 45.380
0.756 -0.003 0.399 0.753 -0.002 0.399 1.185 2.869 870.191 242.689 48.871
0.769 -0.003 0.401 0.765 -0.002 0.399 1.183 2.119 881.050 257.121 41.889
0.782 -0.002 0.402 0.778 -0.002 0.401 1.185 2.058 873.811 235.473 41.889
0.794 -0.002 0.404 0.790 -0.002 0.402 1.185 2.058 879.240 248.101 36.653
0.807 -0.002 0.404 0.803 -0.002 0.404 1.184 2.808 879.240 248.101 22.690
0.819 -0.002 0.406 0.815 -0.002 0.404 1.185 2.119 862.952 239.081 45.380
0.832 -0.002 0.408 0.828 -0.001 0.406 1.183 2.058 868.381 251.709 36.653
0.844 -0.002 0.410 0.840 -0.001 0.408 1.182 1.936 873.811 257.121 31.417
0.857 -0.002 0.410 0.853 -0.001 0.410 1.182 2.869 884.669 246.297 24.435
0.869 -0.002 0.411 0.865 -0.001 0.410 1.184 2.058 893.719 240.885 40.144
0.882 -0.002 0.413 0.878 -0.001 0.411 1.185 1.997 890.099 244.493 43.635
0.894 -0.002 0.415 0.890 -0.001 0.413 1.185 2.119 877.430 246.297 45.380
0.907 -0.002 0.415 0.903 -0.001 0.415 1.184 2.869 877.430 249.905 27.926
0.919 -0.002 0.417 0.915 -0.001 0.415 1.186 2.058 882.860 237.277 43.635
0.932 -0.002 0.419 0.928 -0.001 0.417 1.183 1.997 882.860 266.140 33.162
0.944 -0.002 0.420 0.940 -0.001 0.419 1.183 2.119 888.289 249.905 34.908
0.956 -0.002 0.420 0.953 -0.001 0.420 1.184 2.869 881.050 242.689 31.417
0.969 -0.002 0.422 0.965 -0.001 0.420 1.184 2.119 870.191 239.081 41.889
0.982 -0.002 0.424 0.978 -0.001 0.422 1.185 2.058 882.860 240.885 33.162
0.994 -0.002 0.426 0.990 -0.001 0.424 1.185 2.119 873.811 246.297 38.398
1.006 -0.002 0.426 1.003 -0.001 0.426 1.184 2.869 888.289 253.513 34.908
1.019 -0.002 0.428 1.015 -0.001 0.426 1.183 2.119 875.620 251.709 33.162
1.031 -0.002 0.430 1.028 -0.001 0.428 1.184 2.058 864.762 240.885 36.653
1.044 -0.002 0.431 1.040 -0.001 0.430 1.183 2.119 888.289 253.513 34.908
1.056 -0.002 0.431 1.053 -0.001 0.431 1.182 2.808 884.669 253.513 45.380
1.069 -0.002 0.433 1.065 -0.001 0.431 1.182 1.997 884.669 249.905 41.889
1.081 -0.002 0.435 1.078 -0.001 0.433 1.182 2.058 877.430 249.905 34.908
1.093 -0.002 0.437 1.090 -0.001 0.435 1.181 2.119 877.430 257.121 27.926
1.106 -0.002 0.437 1.103 -0.001 0.437 1.182 2.808 877.430 242.689 27.926
1.119 -0.002 0.439 1.115 -0.001 0.437 1.181 2.119 886.479 251.709 26.181
1.131 -0.002 0.440 1.128 -0.001 0.439 1.179 1.997 857.522 255.317 40.144
1.144 -0.001 0.442 1.140 -0.001 0.440 1.178 2.119 872.001 258.925 36.653
1.156 -0.001 0.442 1.153 -0.001 0.442 1.180 2.869 888.289 239.081 41.889
1.169 -0.001 0.444 1.165 -0.001 0.442 1.182 2.119 864.762 237.277 43.635
1.181 -0.001 0.446 1.178 -0.001 0.444 1.182 2.058 882.860 248.101 40.144
1.194 -0.001 0.448 1.190 -0.001 0.446 1.179 2.058 868.381 262.533 29.672
1.206 -0.001 0.448 1.203 -0.001 0.448 1.181 2.869 868.381 240.885 40.144
1.219 -0.001 0.449 1.215 -0.001 0.448 1.180 2.058 893.719 255.317 36.653
1.231 -0.001 0.451 1.228 -0.001 0.449 1.180 2.058 870.191 249.905 38.398
1.244 -0.001 0.453 1.240 -0.001 0.451 1.179 2.058 884.669 260.729 34.908
1.256 -0.001 0.453 1.253 -0.001 0.453 1.179 2.808 873.811 249.905 38.398
1.268 -0.001 0.455 1.265 -0.001 0.453 1.178 2.119 862.952 249.905 45.380
1.281 -0.001 0.457 1.278 -0.001 0.455 1.179 1.936 877.430 246.297 45.380
1.293 -0.001 0.458 1.290 -0.001 0.457 1.180 2.119 870.191 242.689 48.871
1.306 -0.001 0.458 1.303 -0.001 0.458 1.180 2.869 881.050 253.513 41.889
1.318 -0.001 0.460 1.315 -0.001 0.458 1.179 1.997 881.050 257.121 31.417
1.331 -0.001 0.462 1.328 -0.001 0.460 1.179 2.058 875.620 251.709 40.144
1.343 -0.001 0.464 1.340 -0.001 0.462 1.178 2.180 886.479 258.925 29.672
1.356 -0.001 0.464 1.353 -0.001 0.464 1.177 2.808 862.952 253.513 34.908
1.368 -0.001 0.466 1.365 -0.001 0.464 1.178 2.119 879.240 248.101 40.144
1.381 -0.001 0.467 1.378 -0.001 0.466 1.177 2.058 870.191 257.121 38.398
1.393 -0.002 0.469 1.390 -0.001 0.467 1.176 2.058 881.050 260.729 38.398
1.405 -0.001 0.469 1.403 -0.001 0.469 1.178 2.869 891.909 242.689 34.908
1.418 -0.001 0.471 1.415 -0.001 0.469 1.178 1.997 866.571 253.513 55.852
1.430 -0.002 0.473 1.428 -0.001 0.471 1.178 2.058 886.479 251.709 43.635
1.442 -0.001 0.475 1.440 -0.001 0.473 1.177 2.058 864.762 255.317 33.162
1.455 -0.001 0.475 1.453 -0.001 0.475 1.176 2.747 891.909 260.729 38.398
1.467 -0.001 0.476 1.465 -0.001 0.475 1.175 2.119 877.430 264.336 34.908
1.480 -0.001 0.478 1.478 -0.001 0.476 1.174 2.180 873.811 260.729 41.889
1.492 -0.001 0.480 1.490 -0.001 0.478 1.176 2.058 866.571 239.081 41.889
1.505 -0.001 0.480 1.503 -0.001 0.480 1.176 2.869 877.430 249.905 27.926
1.518 -0.001 0.482 1.515 -0.001 0.480 1.177 2.119 879.240 248.101 43.635
1.530 -0.001 0.484 1.528 -0.001 0.482 1.178 2.119 890.099 251.709 40.144
1.543 -0.001 0.486 1.540 -0.001 0.484 1.179 1.997 882.860 248.101 33.162
1.555 -0.001 0.486 1.553 -0.001 0.486 1.178 2.869 879.240 255.317 26.181
1.568 -0.001 0.487 1.565 -0.001 0.486 1.179 1.997 872.001 248.101 57.598
1.580 -0.001 0.489 1.578 -0.001 0.487 1.179 2.058 877.430 253.513 38.398
1.593 -0.001 0.491 1.590 -0.001 0.489 1.178 1.997 877.430 253.513 38.398
1.605 -0.000 0.491 1.603 -0.001 0.491 1.177 2.869 890.099 266.140 36.653
1.618 -0.000 0.493 1.615 -0.000 0.491 1.177 2.058 881.050 253.513 52.361
1.630 -0.001 0.495 1.628 -0.000 0.493 1.176 2.180 891.909 264.336 34.908
1.643 -0.001 0.496 1.640 -0.000 0.495 1.174 2.058 881.050 267.944 38.398
1.655 -0.001 0.496 1.653 -0.000 0.496 1.172 2.747 881.050 264.336 45.380
1.668 -0.001 0.498 1.665 -0.000 0.496 1.170 1.997 872.001 269.748 36.653
1.680 -0.001 0.500 1.678 -0.000 0.498 1.172 1.997 877.430 249.905 38.398
1.692 -0.001 0.502 1.690 -0.000 0.500 1.173 2.119 872.001 251.709 40.144
1.705 -0.001 0.502 1.703 -0.000 0.502 1.172 2.747 884.669 260.729 34.908
1.717 -0.001 0.503 1.715 -0.000 0.502 1.173 2.058 882.860 251.709 22.690
1.730 -0.001 0.505 1.728 -0.000 0.503 1.174 2.058 873.811 253.513 34.908
1.742 -0.001 0.507 1.740 -0.000 0.505 1.174 2.119 873.811 253.513 34.908
1.755 -0.001 0.507 1.753 -0.000 0.507 1.175 2.869 890.099 255.317 36.653
1.767 -0.001 0.509 1.765 -0.000 0.507 1.175 2.058 891.909 260.729 27.926
1.779 -0.001 0.511 1.778 -0.000 0.509 1.172 2.180 872.001 269.748 26.181
1.792 -0.001 0.513 1.790 -0.000 0.511 1.175 2.119 875.620 240.885 43.635
1.804 -0.001 0.513 1.803 -0.000 0.513 1.177 2.808 890.099 240.885 50.616
1.817 -0.001 0.513 1.815 -0.000 0.513 1.181 2.808 884.669 231.865 38.398
1.829 -0.001 0.514 1.828 -0.000 0.513 1.180 2.058 884.669 253.513 41.889
1.842 -0.001 0.516 1.840 -0.000 0.514 1.177 2.058 873.811 271.552 24.435
1.854 -0.002 0.516 1.853 -0.000 0.516 1.177 2.869 864.762 244.493 43.635
1.867 -0.001 0.516 1.865 -0.000 0.516 1.176 2.808 877.430 260.729 31.417
1.880 -0.001 0.518 1.878 -0.000 0.516 1.176 2.180 879.240 255.317 40.144
1.892 -0.001 0.520 1.890 -0.000 0.518 1.176 1.997 881.050 257.121 27.926
1.904 -0.001 0.520 1.901 -0.000 0.520 1.176 2.808 888.289 257.121 48.871
1.916 -0.001 0.520 1.912 -0.000 0.520 1.174 2.747 872.001 266.140 36.653
1.928 -0.001 0.522 1.923 -0.000 0.520 1.174 2.180 886.479 258.925 36.653
1.938 -0.001 0.524 1.932 -0.000 0.522 1.174 1.997 890.099 258.925 36.653
1.948 -0.001 0.524 1.941 -0.000 0.524 1.172 2.869 884.669 267.944 52.361
1.957 -0.000 0.525 1.950 -0.000 0.524 1.172 1.997 868.381 258.925 36.653
1.965 -0.001 0.527 1.958 -0.000 0.525 1.173 2.058 881.050 253.513 41.889
1.973 -0.000 0.529 1.965 -0.000 0.527 1.173 1.997 890.099 258.925 43.635
1.980 -0.000 0.529 1.971 -0.000 0.529 1.173 2.808 886.479 258.925 50.616
1.987 -0.000 0.529 1.977 -0.000 0.529 1.175 2.808 913.626 253.513 38.398
1.993 -0.000 0.531 1.983 -0.000 0.529 1.176 2.058 888.289 257.121 41.889
1.998 -0.000 0.532 1.987 -0.000 0.531 1.176 2.058 872.001 248.101 43.635
2.003 -0.000 0.532 1.991 -0.000 0.532 1.177 2.808 882.860 251.709 43.635
2.007 -0.000 0.532 1.995 -0.000 0.532 1.176 2.869 890.099 262.533 33.162
2.010 0.000 0.534 1.998 -0.000 0.532 1.175 2.058 873.811 260.729 38.398
2.013 0.000 0.536 2.000 -0.000 0.534 1.174 2.119 879.240 258.925 61.088
2.015 0.000 0.536 2.001 0.000 0.536 1.173 2.747 864.762 262.533 36.653
2.016 0.000 0.536 2.002 0.000 0.536 1.172 2.930 877.430 260.729 41.889
2.017 0.000 0.538 2.003 0.000 0.536 1.171 2.058 872.001 262.533 43.635
2.017 0.000 0.540 2.003 0.000 0.538 1.173 2.058 886.479 248.101 47.125
