x_est y_est heading_est x_ref y_ref heading_ref magdwick gyro mag_x mag_y mag_z
0.002 0.000 0.038 0.000 0.000 0.000 0.694 1.691 660.253 621.519 55.852
0.006 0.000 0.040 0.000 0.000 0.038 0.691 2.058 640.345 616.107 64.579
0.008 -0.000 0.040 0.000 0.000 0.040 0.695 2.747 638.535 617.911 48.871
0.008 -0.001 0.041 0.001 0.000 0.040 0.700 1.630 640.345 619.715 75.051
0.009 -0.001 0.043 0.003 0.000 0.041 0.700 2.180 631.296 610.695 73.306
0.008 -0.001 0.045 0.006 0.000 0.043 0.705 1.997 638.535 603.480 73.306
0.007 -0.002 0.045 0.011 0.000 0.045 0.714 2.930 658.443 612.499 61.088
0.009 -0.002 0.046 0.016 0.000 0.045 0.709 1.875 642.155 621.519 66.325
0.017 -0.001 0.048 0.023 0.000 0.046 0.703 1.875 642.155 621.519 66.325
0.027 -0.001 0.050 0.031 0.000 0.048 0.704 1.936 625.867 612.499 64.579
0.038 -0.001 0.050 0.041 0.000 0.050 0.697 2.869 636.726 626.931 71.561
0.049 -0.001 0.050 0.051 0.000 0.050 0.702 2.991 645.775 625.127 66.325
0.063 -0.001 0.051 0.063 0.000 0.050 0.697 1.936 640.345 626.931 54.107
0.075 -0.001 0.053 0.076 0.000 0.051 0.703 2.119 636.726 619.715 54.107
0.086 -0.001 0.053 0.091 0.000 0.053 0.704 2.869 647.584 619.715 71.561
0.099 -0.001 0.053 0.106 0.000 0.053 0.701 2.991 651.204 623.323 57.598
0.116 -0.001 0.055 0.123 0.000 0.053 0.700 2.058 634.916 628.735 66.325
0.135 -0.001 0.057 0.141 0.000 0.055 0.698 2.180 633.106 623.323 57.598
0.155 -0.001 0.057 0.161 0.000 0.057 0.697 2.930 638.535 632.343 66.325
0.176 -0.001 0.057 0.181 0.000 0.057 0.697 2.808 649.394 628.735 69.815
0.200 -0.000 0.059 0.202 0.000 0.057 0.696 1.997 649.394 628.735 69.815
0.223 -0.000 0.060 0.223 0.000 0.059 0.703 2.119 631.296 621.519 66.325
0.244 -0.000 0.060 0.244 0.000 0.060 0.704 2.930 624.057 614.303 66.325
0.264 -0.000 0.060 0.266 0.000 0.060 0.702 2.686 649.394 614.303 69.815
0.285 0.000 0.062 0.287 0.000 0.060 0.707 2.180 647.584 619.715 57.598
0.307 0.000 0.064 0.308 0.000 0.062 0.704 2.180 634.916 621.519 69.815
0.327 -0.000 0.064 0.329 0.000 0.064 0.700 2.625 633.106 612.499 68.070
0.347 -0.000 0.064 0.351 0.000 0.064 0.704 2.869 640.345 623.323 57.598
0.369 -0.000 0.066 0.372 0.000 0.064 0.699 1.936 634.916 621.519 48.871
0.392 0.000 0.068 0.393 0.000 0.066 0.703 2.180 627.676 610.695 73.306
0.414 -0.000 0.068 0.414 0.000 0.068 0.703 2.747 638.535 614.303 69.815
0.435 -0.000 0.070 0.436 0.000 0.068 0.707 2.119 642.155 610.695 66.325
0.456 0.000 0.071 0.457 0.000 0.070 0.698 1.997 636.726 634.147 68.070
0.478 0.001 0.073 0.478 0.000 0.071 0.700 1.997 640.345 626.931 57.598
0.499 0.000 0.073 0.499 0.000 0.073 0.706 2.808 647.584 612.499 64.579
0.519 -0.000 0.073 0.521 0.000 0.073 0.705 2.808 634.916 621.519 52.361
0.540 0.000 0.075 0.542 0.000 0.073 0.710 2.058 653.014 614.303 59.343
0.563 0.000 0.077 0.563 0.000 0.075 0.705 1.997 624.057 625.127 66.325
0.585 -0.000 0.077 0.584 0.000 0.077 0.705 2.747 634.916 617.911 59.343
0.605 -0.000 0.077 0.606 0.000 0.077 0.707 2.869 649.394 614.303 62.834
0.626 -0.000 0.079 0.627 0.000 0.077 0.705 2.180 636.726 616.107 61.088
0.648 0.000 0.080 0.648 0.000 0.079 0.700 2.058 625.867 626.931 64.579
0.670 0.000 0.080 0.669 0.000 0.080 0.705 2.869 638.535 610.695 62.834
0.690 -0.000 0.080 0.689 0.000 0.080 0.706 2.808 640.345 619.715 75.051
0.710 0.000 0.082 0.709 0.000 0.080 0.705 2.119 640.345 605.284 50.616
0.731 0.001 0.084 0.727 0.000 0.082 0.710 2.058 640.345 605.284 50.616
0.749 0.000 0.084 0.743 0.000 0.084 0.708 2.747 636.726 612.499 71.561
0.764 -0.001 0.084 0.758 0.000 0.084 0.712 2.869 642.155 628.735 62.834
0.777 -0.000 0.086 0.772 0.000 0.084 0.709 2.119 640.345 619.715 64.579
0.789 0.000 0.088 0.783 0.000 0.086 0.703 2.058 627.676 610.695 69.815
0.799 -0.000 0.088 0.794 0.000 0.088 0.702 2.808 622.247 616.107 71.561
0.806 -0.001 0.088 0.803 0.000 0.088 0.708 2.869 645.775 610.695 69.815
0.813 0.000 0.089 0.810 0.000 0.088 0.700 2.058 643.965 637.755 64.579
0.821 0.001 0.091 0.815 0.000 0.089 0.693 2.058 625.867 619.715 47.125
0.826 0.000 0.093 0.819 0.000 0.091 0.698 2.058 618.627 608.891 57.598
0.829 -0.000 0.093 0.822 0.000 0.093 0.698 2.991 627.676 621.519 62.834
0.830 0.000 0.095 0.823 0.000 0.093 0.701 2.119 640.345 605.284 68.070
0.831 0.001 0.097 0.822 0.000 0.095 0.703 1.936 640.345 605.284 68.070
0.828 -0.000 0.098 0.820 0.000 0.097 0.698 2.119 629.486 623.323 57.598
0.824 -0.000 0.098 0.817 0.000 0.098 0.703 2.869 636.726 623.323 78.542
0.819 0.001 0.100 0.812 0.000 0.098 0.702 2.119 642.155 625.127 55.852
0.813 0.001 0.102 0.807 0.000 0.100 0.696 2.058 622.247 623.323 78.542
0.812 0.000 0.104 0.813 0.001 0.102 0.693 1.997 660.253 653.990 45.380
0.812 -0.000 0.105 0.813 0.001 0.104 0.693 1.875 631.296 625.127 55.852
0.814 -0.001 0.107 0.813 0.001 0.105 0.688 2.302 624.057 610.695 55.852
0.815 -0.000 0.107 0.812 0.001 0.107 0.701 2.869 651.204 605.284 68.070
0.815 -0.000 0.109 0.810 0.001 0.107 0.700 1.936 640.345 612.499 71.561
0.815 0.001 0.111 0.807 0.001 0.109 0.703 2.241 631.296 610.695 59.343
0.813 0.002 0.113 0.802 0.001 0.111 0.699 1.997 625.867 619.715 64.579
0.806 0.002 0.113 0.797 0.001 0.113 0.697 2.686 629.486 623.323 75.051
0.796 0.002 0.115 0.790 0.001 0.113 0.698 1.997 629.486 623.323 75.051
0.787 0.001 0.116 0.782 0.001 0.115 0.697 1.997 638.535 628.735 52.361
0.777 0.001 0.118 0.772 0.001 0.116 0.695 2.302 642.155 632.343 62.834
0.765 0.001 0.118 0.762 0.001 0.118 0.699 2.930 640.345 623.323 71.561
0.753 0.000 0.120 0.750 0.001 0.118 0.709 2.058 662.063 623.323 71.561
0.742 0.001 0.122 0.737 0.001 0.120 0.699 2.058 629.486 634.147 64.579
0.730 0.001 0.124 0.722 0.001 0.122 0.699 2.058 634.916 621.519 52.361
0.714 0.002 0.124 0.707 0.001 0.124 0.697 2.808 638.535 625.127 66.325
0.696 0.002 0.126 0.690 0.001 0.124 0.702 2.058 643.965 612.499 71.561
0.677 0.001 0.127 0.672 0.001 0.126 0.702 2.058 638.535 625.127 52.361
0.658 0.001 0.129 0.652 0.001 0.127 0.695 2.119 642.155 635.951 62.834
0.636 0.001 0.129 0.632 0.001 0.129 0.703 2.869 645.775 610.695 66.325
0.614 0.001 0.131 0.611 0.001 0.129 0.711 2.058 645.775 610.695 66.325
0.592 0.001 0.133 0.590 0.001 0.131 0.716 2.119 642.155 607.088 80.288
0.571 0.001 0.135 0.569 0.001 0.133 0.710 2.058 631.296 617.911 55.852
0.549 0.001 0.135 0.547 0.001 0.135 0.713 2.991 633.106 608.891 75.051
0.526 0.001 0.136 0.526 0.001 0.135 0.708 1.997 642.155 617.911 76.797
0.505 0.000 0.138 0.505 0.001 0.136 0.704 1.875 634.916 607.088 69.815
0.485 0.001 0.140 0.484 0.001 0.138 0.704 2.180 625.867 612.499 57.598
0.464 0.001 0.140 0.462 0.000 0.140 0.701 2.808 634.916 617.911 73.306
0.442 0.000 0.142 0.441 0.000 0.140 0.707 1.936 643.965 616.107 75.051
0.421 0.001 0.143 0.420 0.000 0.142 0.706 2.119 638.535 621.519 66.325
0.400 0.001 0.145 0.399 0.000 0.143 0.703 2.119 642.155 617.911 62.834
0.378 0.001 0.145 0.377 0.000 0.145 0.702 2.808 636.726 630.539 71.561
0.355 0.001 0.147 0.356 0.000 0.145 0.699 2.058 636.726 630.539 71.561
0.334 0.001 0.149 0.335 0.000 0.147 0.699 2.119 634.916 610.695 55.852
0.313 0.001 0.151 0.314 0.000 0.149 0.700 2.058 633.106 619.715 61.088
0.292 0.000 0.151 0.293 0.000 0.151 0.704 2.808 636.726 623.323 57.598
0.271 -0.000 0.153 0.273 0.000 0.151 0.705 2.058 645.775 628.735 76.797
0.250 -0.000 0.154 0.253 0.000 0.153 0.703 1.997 636.726 616.107 68.070
0.231 0.000 0.156 0.235 0.000 0.154 0.706 2.119 636.726 616.107 61.088
0.213 0.001 0.156 0.218 0.000 0.156 0.709 2.625 645.775 607.088 55.852
0.197 0.000 0.158 0.203 0.000 0.156 0.710 2.058 645.775 614.303 73.306
0.182 0.000 0.160 0.188 0.000 0.158 0.705 2.180 633.106 626.931 78.542
0.171 0.001 0.162 0.175 0.000 0.160 0.705 1.997 627.676 625.127 76.797
0.160 0.001 0.162 0.163 0.000 0.162 0.701 2.869 631.296 625.127 66.325
0.149 0.000 0.163 0.153 0.000 0.162 0.698 2.119 631.296 625.127 66.325
0.138 0.000 0.165 0.143 0.000 0.163 0.696 2.058 645.775 625.127 66.325
0.130 0.001 0.167 0.135 0.000 0.165 0.701 2.058 645.775 617.911 45.380
0.123 0.000 0.167 0.128 0.000 0.167 0.708 2.808 643.965 623.323 75.051
0.116 -0.000 0.169 0.123 0.000 0.167 0.709 2.058 645.775 621.519 73.306
0.111 -0.000 0.171 0.118 0.000 0.169 0.705 2.058 642.155 617.911 69.815
0.109 0.000 0.172 0.115 0.000 0.171 0.706 2.119 625.867 601.676 50.616
0.107 -0.000 0.172 0.113 0.000 0.172 0.709 2.747 640.345 608.891 64.579
0.106 -0.001 0.174 0.111 0.000 0.172 0.705 1.997 634.916 628.735 69.815
0.105 -0.000 0.176 0.110 0.000 0.174 0.706 2.119 634.916 617.911 59.343
0.106 0.000 0.178 0.109 0.000 0.176 0.701 2.058 624.057 614.303 55.852
0.105 0.000 0.180 0.106 0.000 0.178 0.702 2.058 649.394 628.735 69.815
0.105 -0.000 0.181 0.106 0.000 0.180 0.709 2.058 640.345 608.891 68.070
0.104 -0.000 0.181 0.106 0.000 0.181 0.705 2.808 634.916 614.303 62.834
0.104 -0.000 0.183 0.107 0.000 0.181 0.706 2.058 634.916 607.088 55.852
0.104 -0.000 0.185 0.109 0.000 0.183 0.706 2.119 640.345 623.323 68.070
0.106 0.000 0.187 0.112 0.000 0.185 0.714 2.119 643.965 598.068 61.088
0.109 0.000 0.187 0.117 0.000 0.187 0.708 2.808 642.155 625.127 69.815
0.114 0.000 0.189 0.122 0.000 0.187 0.712 1.997 643.965 616.107 78.542
0.121 0.000 0.190 0.129 0.000 0.189 0.713 1.997 640.345 616.107 82.033
0.130 0.000 0.192 0.137 0.000 0.190 0.710 2.119 642.155 625.127 69.815
0.140 0.000 0.192 0.147 0.000 0.192 0.710 2.869 643.965 608.891 64.579
0.151 0.000 0.194 0.157 0.000 0.192 0.711 2.119 647.584 623.323 75.051
0.163 0.000 0.196 0.169 0.000 0.194 0.710 2.058 636.726 623.323 75.051
0.175 0.000 0.198 0.182 0.000 0.196 0.705 2.119 651.204 623.323 64.579
0.189 0.000 0.198 0.197 0.000 0.198 0.711 2.869 651.204 623.323 71.561
0.205 0.000 0.198 0.212 0.000 0.198 0.708 2.808 631.296 617.911 66.325
0.222 0.001 0.200 0.229 0.000 0.198 0.704 2.058 642.155 625.127 55.852
0.240 0.001 0.201 0.247 0.000 0.200 0.703 2.119 638.535 632.343 66.325
0.260 0.001 0.201 0.267 0.000 0.201 0.705 2.869 633.106 612.499 68.070
0.281 0.001 0.201 0.287 0.000 0.201 0.705 2.808 645.775 617.911 62.834
0.302 0.001 0.203 0.308 0.000 0.201 0.713 2.119 656.633 617.911 69.815
0.325 0.001 0.205 0.329 0.000 0.203 0.713 1.997 645.775 614.303 66.325
0.348 0.001 0.205 0.350 0.000 0.205 0.710 2.747 629.486 605.284 64.579
0.370 0.000 0.207 0.372 0.000 0.205 0.714 2.119 634.916 599.872 76.797
0.391 0.000 0.209 0.393 0.000 0.207 0.714 2.058 638.535 610.695 66.325
0.413 0.000 0.210 0.414 0.000 0.209 0.714 2.119 642.155 617.911 52.361
0.433 0.000 0.210 0.435 0.000 0.210 0.706 2.808 640.345 626.931 64.579
0.454 0.000 0.212 0.457 0.000 0.210 0.706 2.058 640.345 626.931 64.579
0.475 0.000 0.214 0.478 0.000 0.212 0.708 2.058 651.204 612.499 68.070
0.497 0.001 0.216 0.499 0.000 0.214 0.711 2.058 640.345 623.323 78.542
0.519 0.001 0.216 0.520 0.000 0.216 0.709 2.808 631.296 610.695 73.306
0.541 0.000 0.216 0.542 0.000 0.216 0.704 2.747 634.916 614.303 73.306
0.563 0.000 0.218 0.563 0.000 0.216 0.705 2.058 638.535 614.303 62.834
0.584 0.000 0.219 0.584 0.000 0.218 0.709 2.058 640.345 612.499 54.107
0.606 0.000 0.219 0.605 0.000 0.219 0.708 2.808 642.155 625.127 76.797
0.626 -0.000 0.219 0.627 0.000 0.219 0.706 2.747 633.106 612.499 68.070
0.647 -0.000 0.221 0.648 0.000 0.219 0.707 2.119 636.726 612.499 64.579
0.669 0.000 0.223 0.669 0.000 0.221 0.712 2.119 643.965 612.499 68.070
0.690 0.000 0.223 0.690 0.000 0.223 0.708 2.869 640.345 626.931 64.579
0.712 -0.000 0.225 0.712 0.000 0.223 0.704 2.058 640.345 626.931 64.579
0.733 0.000 0.227 0.733 0.000 0.225 0.708 2.058 636.726 616.107 75.051
0.755 0.001 0.229 0.754 0.000 0.227 0.705 2.058 631.296 621.519 55.852
0.776 0.001 0.229 0.775 0.000 0.229 0.710 2.869 642.155 607.088 76.797
0.797 0.000 0.230 0.797 0.000 0.229 0.715 2.119 654.824 616.107 71.561
0.818 -0.000 0.232 0.818 0.000 0.230 0.711 2.058 633.106 623.323 64.579
0.839 0.000 0.234 0.839 0.000 0.232 0.712 2.119 642.155 617.911 52.361
0.861 0.000 0.234 0.860 0.000 0.234 0.706 2.747 653.014 625.127 55.852
0.882 -0.000 0.234 0.882 0.000 0.234 0.702 2.869 620.437 617.911 66.325
0.903 -0.000 0.236 0.903 0.000 0.234 0.706 2.119 643.965 619.715 78.542
0.925 0.000 0.238 0.924 0.000 0.236 0.704 2.058 638.535 621.519 69.815
0.946 0.000 0.238 0.945 0.000 0.238 0.699 2.808 645.775 635.951 48.871
0.967 -0.000 0.238 0.967 0.000 0.238 0.697 2.686 645.775 635.951 48.871
0.988 0.000 0.240 0.988 0.000 0.238 0.701 2.119 627.676 607.088 52.361
1.010 0.001 0.241 1.009 0.000 0.240 0.698 2.119 627.676 635.951 69.815
1.031 0.001 0.241 1.030 0.000 0.241 0.696 2.869 620.437 607.088 73.306
1.052 -0.000 0.241 1.052 0.000 0.241 0.699 2.808 640.345 608.891 64.579
1.073 -0.000 0.243 1.073 0.000 0.241 0.702 2.058 633.106 612.499 75.051
1.095 0.000 0.245 1.094 0.000 0.243 0.704 2.119 633.106 619.715 61.088
1.116 0.000 0.245 1.115 0.000 0.245 0.704 2.808 638.535 614.303 76.797
1.137 -0.000 0.245 1.137 0.000 0.245 0.709 2.869 647.584 619.715 71.561
1.158 -0.000 0.247 1.158 0.000 0.245 0.708 2.058 642.155 625.127 66.325
1.179 0.000 0.249 1.179 0.000 0.247 0.706 2.119 640.345 623.323 64.579
1.201 0.000 0.249 1.200 0.000 0.249 0.705 2.747 647.584 626.931 61.088
1.222 -0.000 0.249 1.222 0.000 0.249 0.708 2.930 647.584 626.931 61.088
1.243 -0.000 0.250 1.243 0.000 0.249 0.702 2.058 645.775 628.735 59.343
1.265 0.001 0.252 1.264 0.000 0.250 0.704 2.119 627.676 617.911 59.343
1.286 0.001 0.252 1.285 0.000 0.252 0.704 2.747 640.345 623.323 68.070
1.307 0.000 0.252 1.307 0.000 0.252 0.705 2.808 634.916 621.519 69.815
1.328 -0.000 0.254 1.328 0.000 0.252 0.708 1.997 647.584 623.323 75.051
1.350 0.001 0.256 1.349 0.000 0.254 0.705 1.997 636.726 626.931 54.107
1.371 0.000 0.256 1.370 0.000 0.256 0.704 2.808 640.345 616.107 68.070
1.392 -0.000 0.256 1.392 0.000 0.256 0.707 2.808 633.106 612.499 61.088
1.413 -0.001 0.258 1.413 0.000 0.256 0.711 2.058 649.394 617.911 62.834
1.434 0.000 0.259 1.434 0.000 0.258 0.702 2.058 629.486 626.931 68.070
1.456 0.000 0.259 1.455 0.000 0.259 0.703 2.808 633.106 619.715 68.070
1.477 -0.000 0.259 1.477 0.000 0.259 0.700 2.808 633.106 619.715 68.070
1.498 -0.000 0.261 1.498 0.000 0.259 0.704 2.058 640.345 605.284 68.070
1.520 0.001 0.263 1.519 0.000 0.261 0.711 2.058 633.106 608.891 61.088
1.541 0.001 0.263 1.540 0.000 0.263 0.703 2.747 633.106 626.931 50.616
1.562 -0.000 0.263 1.560 0.000 0.263 0.710 2.930 645.775 614.303 76.797
1.582 -0.000 0.265 1.579 0.000 0.263 0.702 1.997 640.345 630.539 68.070
1.602 0.000 0.267 1.598 0.000 0.265 0.705 2.119 640.345 616.107 64.579
1.620 0.000 0.267 1.614 0.000 0.267 0.706 2.869 638.535 610.695 62.834
1.636 -0.001 0.267 1.629 0.000 0.267 0.705 2.747 629.486 612.499 78.542
1.649 -0.001 0.268 1.643 0.000 0.267 0.710 1.997 645.775 614.303 66.325
1.661 0.000 0.270 1.654 0.000 0.268 0.703 2.119 629.486 626.931 64.579
1.670 0.000 0.272 1.665 0.000 0.270 0.701 2.058 631.296 617.911 76.797
1.678 -0.000 0.272 1.673 0.000 0.272 0.701 2.808 631.296 617.911 76.797
1.686 -0.000 0.274 1.681 0.000 0.272 0.707 2.058 645.775 614.303 66.325
1.692 0.001 0.276 1.686 0.000 0.274 0.705 2.119 625.867 612.499 71.561
1.697 0.000 0.277 1.690 0.000 0.276 0.705 1.997 640.345 612.499 64.579
1.700 -0.001 0.277 1.693 0.000 0.277 0.703 2.808 624.057 617.911 76.797
1.702 -0.000 0.279 1.694 0.000 0.277 0.699 2.180 636.726 634.147 68.070
1.702 0.000 0.281 1.693 0.000 0.279 0.701 2.119 625.867 608.891 54.107
1.700 -0.000 0.283 1.691 0.000 0.281 0.702 1.997 643.965 619.715 61.088
1.696 -0.000 0.283 1.689 0.000 0.283 0.703 2.808 634.916 621.519 69.815
1.692 0.000 0.285 1.685 0.000 0.283 0.706 2.119 638.535 621.519 59.343
1.687 0.000 0.286 1.682 0.000 0.285 0.700 2.058 634.916 621.519 52.361
