x_est y_est heading_est x_ref y_ref heading_ref magdwick gyro mag_x mag_y mag_z
0.000 0.000 0.037 0.000 0.000 0.000 0.697 1.997 656.633 621.519 59.343
0.002 0.000 0.038 0.000 0.000 0.037 0.692 1.875 622.247 630.539 64.579
0.006 0.000 0.040 0.000 0.000 0.038 0.702 1.813 647.584 605.284 68.070
0.008 -0.000 0.040 0.001 0.000 0.040 0.700 2.563 651.204 605.284 54.107
0.010 -0.000 0.042 0.003 0.000 0.040 0.706 1.997 651.204 605.284 54.107
0.014 -0.001 0.043 0.006 0.000 0.042 0.710 1.569 631.296 603.480 55.852
0.016 -0.001 0.045 0.011 0.000 0.043 0.708 1.936 640.345 623.323 64.579
0.017 -0.002 0.045 0.016 0.000 0.045 0.708 2.747 643.965 612.499 47.125
0.021 -0.002 0.047 0.023 0.000 0.045 0.708 2.058 647.584 630.539 57.598
0.028 -0.002 0.048 0.031 0.000 0.047 0.699 2.058 627.676 625.127 59.343
0.034 -0.002 0.050 0.041 0.000 0.048 0.696 2.058 643.965 630.539 57.598
0.042 -0.003 0.050 0.051 0.000 0.050 0.697 2.747 629.486 630.539 57.598
0.053 -0.003 0.052 0.063 0.000 0.050 0.700 2.119 629.486 616.107 68.070
0.064 -0.003 0.054 0.076 0.000 0.052 0.700 1.936 640.345 626.931 71.561
0.076 -0.003 0.055 0.091 0.000 0.054 0.706 1.997 634.916 610.695 66.325
0.090 -0.003 0.055 0.106 0.000 0.055 0.703 2.686 634.916 614.303 83.778
0.105 -0.003 0.057 0.123 0.000 0.055 0.707 1.997 634.916 614.303 83.778
0.121 -0.002 0.059 0.141 0.000 0.057 0.704 2.058 647.584 626.931 57.598
0.139 -0.002 0.061 0.161 0.000 0.059 0.707 1.936 642.155 617.911 76.797
0.158 -0.002 0.061 0.181 0.000 0.061 0.709 2.808 647.584 626.931 54.107
0.179 -0.002 0.062 0.202 0.000 0.061 0.700 2.058 624.057 625.127 66.325
0.200 -0.002 0.064 0.223 0.000 0.062 0.701 1.997 638.535 621.519 73.306
0.222 -0.001 0.066 0.244 0.000 0.064 0.696 2.119 624.057 628.735 69.815
0.244 -0.001 0.066 0.266 0.000 0.066 0.698 2.686 622.247 605.284 50.616
0.266 -0.001 0.068 0.287 0.000 0.066 0.706 1.997 640.345 608.891 68.070
0.288 -0.001 0.070 0.308 0.000 0.068 0.703 1.997 636.726 616.107 61.088
0.310 -0.000 0.071 0.329 0.000 0.070 0.707 1.997 643.965 630.539 68.070
0.333 -0.000 0.071 0.351 0.000 0.071 0.701 2.808 625.867 616.107 57.598
0.355 -0.000 0.073 0.372 0.000 0.071 0.702 2.058 629.486 608.891 71.561
0.377 -0.000 0.075 0.393 0.000 0.073 0.700 2.058 629.486 623.323 75.051
0.399 0.000 0.077 0.414 0.000 0.075 0.700 2.180 640.345 616.107 64.579
0.422 0.000 0.077 0.436 0.000 0.077 0.701 2.625 634.916 621.519 69.815
0.444 0.001 0.079 0.457 0.000 0.077 0.709 1.997 642.155 603.480 73.306
0.467 0.001 0.080 0.478 0.000 0.079 0.707 2.119 636.726 619.715 57.598
0.489 0.001 0.082 0.499 0.000 0.080 0.705 1.997 636.726 630.539 61.088
0.512 0.001 0.082 0.521 0.000 0.082 0.706 2.808 636.726 626.931 85.524
0.534 0.001 0.084 0.542 0.000 0.082 0.700 1.997 631.296 625.127 62.834
0.557 0.001 0.086 0.563 0.000 0.084 0.703 1.997 634.916 614.303 66.325
0.580 0.002 0.087 0.584 0.000 0.086 0.702 2.058 640.345 616.107 64.579
0.602 0.002 0.087 0.606 0.000 0.087 0.704 2.747 638.535 614.303 66.325
0.625 0.002 0.089 0.627 0.000 0.087 0.701 1.936 622.247 623.323 78.542
0.647 0.002 0.091 0.648 0.000 0.089 0.706 2.058 645.775 621.519 69.815
0.670 0.002 0.093 0.669 0.000 0.091 0.707 1.997 640.345 616.107 61.088
0.692 0.002 0.093 0.689 0.000 0.093 0.703 2.686 640.345 626.931 75.051
0.714 0.002 0.094 0.709 0.000 0.093 0.704 1.936 633.106 630.539 82.033
0.735 0.002 0.096 0.727 0.000 0.094 0.695 1.936 627.676 628.735 55.852
0.755 0.002 0.098 0.743 0.000 0.096 0.696 1.936 629.486 616.107 68.070
0.773 0.002 0.098 0.758 0.000 0.098 0.703 2.686 645.775 625.127 73.306
0.790 0.002 0.099 0.772 0.000 0.098 0.707 1.997 640.345 605.284 71.561
0.805 0.002 0.101 0.783 0.000 0.099 0.707 1.997 634.916 617.911 62.834
0.818 0.002 0.103 0.794 0.000 0.101 0.706 2.058 638.535 621.519 62.834
0.829 0.002 0.103 0.803 0.000 0.103 0.708 2.747 638.535 621.519 62.834
0.839 0.002 0.105 0.810 0.000 0.103 0.706 1.997 634.916 621.519 62.834
0.847 0.002 0.106 0.815 0.000 0.105 0.703 1.997 629.486 616.107 64.579
0.853 0.002 0.108 0.819 0.000 0.106 0.703 1.997 643.965 634.147 71.561
0.858 0.002 0.108 0.822 0.000 0.108 0.704 2.747 651.204 630.539 57.598
0.861 0.002 0.110 0.823 0.000 0.108 0.699 1.997 624.057 625.127 69.815
0.863 0.002 0.112 0.822 0.000 0.110 0.703 1.997 633.106 612.499 78.542
0.863 0.002 0.113 0.820 0.000 0.112 0.699 1.997 620.437 617.911 76.797
0.862 0.002 0.113 0.817 0.000 0.113 0.709 2.747 654.824 608.891 71.561
0.859 0.002 0.115 0.812 0.000 0.113 0.707 1.997 634.916 617.911 62.834
0.855 0.002 0.117 0.807 0.000 0.115 0.707 1.997 634.916 614.303 66.325
0.853 0.002 0.119 0.855 0.002 0.117 0.711 2.119 656.633 617.911 27.926
0.853 0.003 0.120 0.855 0.002 0.119 0.701 1.997 620.437 628.735 69.815
0.855 0.003 0.122 0.854 0.002 0.120 0.695 1.997 620.437 628.735 69.815
0.856 0.004 0.122 0.853 0.002 0.122 0.703 2.686 643.965 616.107 68.070
0.856 0.004 0.124 0.851 0.002 0.122 0.695 1.691 640.345 623.323 64.579
0.858 0.004 0.126 0.848 0.002 0.124 0.691 2.058 629.486 641.363 61.088
0.857 0.004 0.127 0.844 0.002 0.126 0.693 1.936 638.535 621.519 69.815
0.853 0.003 0.127 0.838 0.002 0.127 0.699 2.747 633.106 623.323 61.088
0.848 0.003 0.129 0.831 0.002 0.127 0.701 1.936 622.247 616.107 64.579
0.843 0.004 0.131 0.823 0.002 0.129 0.696 1.936 627.676 617.911 52.361
0.835 0.003 0.132 0.814 0.002 0.131 0.702 1.936 636.726 616.107 68.070
0.825 0.003 0.132 0.803 0.002 0.132 0.702 2.747 633.106 616.107 71.561
0.815 0.003 0.134 0.791 0.002 0.132 0.706 1.997 640.345 619.715 68.070
0.804 0.003 0.136 0.778 0.002 0.134 0.704 1.936 640.345 623.323 50.616
0.790 0.002 0.137 0.764 0.002 0.136 0.707 1.997 640.345 623.323 50.616
0.775 0.002 0.137 0.748 0.002 0.137 0.699 2.808 640.345 630.539 64.579
0.760 0.003 0.139 0.731 0.002 0.137 0.696 2.058 634.916 635.951 59.343
0.743 0.002 0.141 0.713 0.002 0.139 0.698 1.997 642.155 617.911 66.325
0.724 0.002 0.143 0.694 0.002 0.141 0.702 1.936 622.247 612.499 75.051
0.703 0.002 0.143 0.674 0.002 0.143 0.705 2.747 633.106 608.891 64.579
0.682 0.002 0.144 0.653 0.002 0.143 0.706 1.997 649.394 617.911 66.325
0.660 0.001 0.146 0.631 0.002 0.144 0.708 1.813 634.916 625.127 66.325
0.636 0.001 0.148 0.610 0.002 0.146 0.702 2.058 631.296 621.519 62.834
0.613 0.001 0.148 0.589 0.002 0.148 0.702 2.808 636.726 608.891 61.088
0.590 0.001 0.149 0.568 0.001 0.148 0.706 1.936 647.584 616.107 64.579
0.567 0.000 0.151 0.546 0.001 0.149 0.704 1.997 634.916 625.127 62.834
0.544 0.000 0.153 0.525 0.001 0.151 0.702 1.997 634.916 625.127 62.834
0.521 0.000 0.153 0.504 0.001 0.153 0.699 2.686 642.155 628.735 59.343
0.498 0.000 0.155 0.483 0.001 0.153 0.705 2.058 640.345 619.715 71.561
0.475 0.000 0.156 0.461 0.001 0.155 0.703 1.997 643.965 623.323 54.107
0.451 -0.000 0.158 0.440 0.001 0.156 0.700 1.936 634.916 617.911 66.325
0.428 -0.001 0.158 0.419 0.001 0.158 0.707 2.747 645.775 617.911 69.815
0.404 -0.001 0.158 0.398 0.001 0.158 0.708 2.808 629.486 612.499 64.579
0.381 -0.001 0.160 0.376 0.001 0.158 0.704 2.058 643.965 623.323 61.088
0.357 -0.001 0.162 0.355 0.001 0.160 0.711 1.997 651.204 619.715 68.070
0.334 -0.001 0.162 0.334 0.001 0.162 0.702 2.747 627.676 621.519 62.834
0.311 -0.001 0.162 0.313 0.001 0.162 0.700 2.808 653.014 635.951 59.343
0.286 -0.003 0.163 0.293 0.001 0.162 0.708 1.936 663.873 614.303 48.871
0.263 -0.003 0.165 0.274 0.001 0.163 0.706 2.058 663.873 614.303 48.871
0.242 -0.003 0.165 0.255 0.001 0.165 0.713 2.930 638.535 599.872 66.325
0.221 -0.004 0.167 0.239 0.001 0.165 0.719 1.875 654.824 612.499 75.051
0.201 -0.005 0.168 0.224 0.001 0.167 0.711 1.691 634.916 621.519 73.306
0.185 -0.003 0.170 0.210 0.001 0.168 0.716 2.241 633.106 608.891 54.107
0.170 -0.002 0.170 0.199 0.001 0.170 0.714 2.747 651.204 623.323 61.088
0.156 -0.003 0.172 0.188 0.000 0.170 0.713 1.997 658.443 616.107 54.107
0.145 -0.003 0.174 0.180 0.000 0.172 0.703 2.058 629.486 626.931 57.598
0.136 -0.002 0.176 0.172 0.000 0.174 0.708 1.997 636.726 605.284 64.579
0.127 -0.001 0.176 0.167 0.000 0.176 0.716 2.808 643.965 601.676 71.561
0.120 -0.002 0.176 0.163 0.000 0.176 0.707 2.747 631.296 625.127 62.834
0.116 -0.001 0.177 0.160 0.000 0.176 0.704 2.058 627.676 614.303 52.361
0.113 -0.000 0.179 0.159 0.000 0.177 0.703 1.997 627.676 614.303 52.361
0.111 -0.000 0.179 0.160 0.000 0.179 0.705 2.747 640.345 616.107 61.088
0.110 -0.000 0.179 0.162 0.000 0.179 0.706 2.808 647.584 619.715 78.542
0.112 0.001 0.181 0.165 0.000 0.179 0.708 2.058 634.916 610.695 69.815
0.115 0.001 0.183 0.170 0.000 0.181 0.706 1.997 636.726 626.931 71.561
0.119 0.001 0.183 0.175 0.000 0.183 0.703 2.808 625.867 619.715 64.579
0.125 0.001 0.184 0.180 0.000 0.183 0.700 1.997 634.916 635.951 66.325
0.126 0.001 0.186 0.125 0.001 0.184 0.697 2.058 629.486 623.323 29.672
0.125 0.001 0.186 0.125 0.001 0.186 0.701 2.808 638.535 614.303 66.325
0.123 -0.000 0.188 0.125 0.001 0.186 0.695 1.997 636.726 623.323 33.162
0.121 -0.000 0.190 0.126 0.001 0.188 0.697 1.997 642.155 607.088 62.834
0.121 -0.000 0.192 0.128 0.001 0.190 0.701 2.363 643.965 619.715 78.542
0.119 -0.000 0.192 0.131 0.001 0.192 0.703 2.686 647.584 626.931 64.579
0.120 0.000 0.193 0.136 0.001 0.192 0.701 1.813 640.345 608.891 75.051
0.125 0.001 0.195 0.141 0.001 0.193 0.703 2.119 625.867 605.284 57.598
0.130 0.001 0.197 0.148 0.001 0.195 0.699 1.997 633.106 612.499 61.088
0.135 0.001 0.197 0.156 0.001 0.197 0.703 2.686 653.014 621.519 59.343
0.143 0.001 0.199 0.166 0.001 0.197 0.700 1.997 634.916 625.127 66.325
0.153 0.002 0.200 0.176 0.001 0.199 0.708 1.997 645.775 617.911 69.815
0.163 0.002 0.202 0.188 0.001 0.200 0.712 1.936 649.394 621.519 66.325
0.174 0.002 0.202 0.201 0.001 0.202 0.704 2.808 627.676 617.911 69.815
0.188 0.002 0.204 0.216 0.001 0.202 0.707 1.997 634.916 599.872 59.343
0.203 0.002 0.206 0.231 0.001 0.204 0.708 1.997 638.535 617.911 62.834
0.219 0.002 0.207 0.248 0.001 0.206 0.713 1.997 649.394 617.911 62.834
0.236 0.002 0.207 0.266 0.001 0.207 0.716 2.808 649.394 617.911 62.834
0.255 0.002 0.209 0.286 0.001 0.207 0.710 1.875 653.014 621.519 59.343
0.275 0.002 0.211 0.306 0.001 0.209 0.704 1.936 620.437 621.519 69.815
0.296 0.002 0.212 0.327 0.001 0.211 0.705 1.997 633.106 616.107 64.579
0.319 0.002 0.212 0.348 0.001 0.212 0.703 2.686 649.394 625.127 48.871
0.342 0.003 0.214 0.369 0.001 0.212 0.707 1.997 634.916 614.303 62.834
0.365 0.003 0.216 0.390 0.001 0.214 0.704 2.058 633.106 623.323 68.070
0.388 0.003 0.218 0.412 0.001 0.216 0.703 1.997 631.296 610.695 59.343
0.411 0.003 0.218 0.433 0.001 0.218 0.697 2.563 624.057 610.695 69.815
0.434 0.003 0.219 0.454 0.001 0.218 0.696 1.997 620.437 625.127 59.343
0.457 0.003 0.221 0.475 0.001 0.219 0.703 1.997 634.916 614.303 73.306
0.480 0.003 0.223 0.497 0.001 0.221 0.708 2.058 653.014 617.911 62.834
0.503 0.003 0.223 0.518 0.001 0.223 0.711 2.747 653.014 617.911 62.834
0.527 0.003 0.225 0.539 0.001 0.223 0.709 1.997 645.775 635.951 80.288
0.550 0.003 0.226 0.560 0.001 0.225 0.709 1.997 658.443 619.715 75.051
0.573 0.003 0.228 0.582 0.001 0.226 0.709 2.058 642.155 610.695 66.325
0.597 0.003 0.228 0.603 0.001 0.228 0.713 2.747 647.584 616.107 57.598
0.620 0.003 0.230 0.624 0.001 0.228 0.710 1.997 640.345 612.499 61.088
0.643 0.003 0.232 0.645 0.001 0.230 0.715 1.936 647.584 616.107 61.088
0.667 0.004 0.233 0.667 0.001 0.232 0.711 2.058 656.633 621.519 69.815
0.690 0.004 0.233 0.688 0.001 0.233 0.707 2.747 633.106 634.147 64.579
0.713 0.004 0.235 0.709 0.001 0.233 0.700 2.058 633.106 623.323 82.033
0.736 0.004 0.237 0.730 0.001 0.235 0.706 2.119 642.155 614.303 62.834
0.759 0.004 0.239 0.752 0.001 0.237 0.700 1.997 629.486 623.323 68.070
0.782 0.003 0.239 0.773 0.001 0.239 0.702 2.686 629.486 623.323 68.070
0.805 0.003 0.241 0.794 0.001 0.239 0.707 1.997 645.775 617.911 66.325
0.827 0.003 0.242 0.815 0.001 0.241 0.704 1.936 627.676 617.911 69.815
0.850 0.003 0.244 0.837 0.001 0.242 0.704 1.997 634.916 621.519 66.325
0.873 0.003 0.244 0.858 0.001 0.244 0.707 2.808 647.584 630.539 68.070
0.895 0.003 0.246 0.879 0.001 0.244 0.702 2.058 627.676 614.303 62.834
0.918 0.003 0.248 0.900 0.001 0.246 0.699 1.997 638.535 632.343 73.306
0.940 0.003 0.249 0.922 0.001 0.248 0.700 2.058 634.916 625.127 69.815
0.962 0.003 0.249 0.943 0.001 0.249 0.704 2.747 642.155 603.480 73.306
0.984 0.003 0.251 0.964 0.001 0.249 0.710 1.936 647.584 608.891 68.070
1.007 0.002 0.253 0.985 0.001 0.251 0.707 1.997 640.345 619.715 75.051
1.029 0.002 0.255 1.007 0.001 0.253 0.704 2.119 633.106 619.715 78.542
1.050 0.002 0.255 1.028 0.001 0.255 0.704 2.808 633.106 619.715 78.542
1.072 0.002 0.256 1.049 0.001 0.255 0.702 1.936 627.676 614.303 55.852
1.094 0.002 0.258 1.070 0.001 0.256 0.703 1.997 624.057 614.303 48.871
1.115 0.001 0.260 1.092 0.001 0.258 0.697 1.997 618.627 619.715 54.107
1.137 0.001 0.260 1.113 0.001 0.260 0.700 2.869 634.916 621.519 66.325
1.158 0.001 0.262 1.134 0.001 0.260 0.696 1.997 627.676 621.519 52.361
1.180 0.001 0.263 1.155 0.001 0.262 0.700 2.058 640.345 616.107 64.579
1.201 0.001 0.265 1.177 0.001 0.263 0.696 1.936 633.106 623.323 57.598
1.222 0.001 0.265 1.198 0.001 0.265 0.700 2.747 642.155 625.127 80.288
1.244 0.001 0.267 1.219 0.001 0.265 0.702 1.997 642.155 628.735 59.343
1.265 0.001 0.268 1.240 0.001 0.267 0.708 1.936 649.394 614.303 62.834
1.285 0.001 0.270 1.262 0.001 0.268 0.709 1.936 649.394 632.343 73.306
1.306 0.001 0.270 1.283 0.000 0.270 0.707 2.869 642.155 621.519 87.269
1.327 0.001 0.272 1.304 0.000 0.270 0.706 1.997 633.106 608.891 57.598
1.348 0.000 0.274 1.325 0.000 0.272 0.698 1.997 636.726 634.147 61.088
1.368 0.000 0.275 1.347 0.000 0.274 0.701 1.936 629.486 612.499 68.070
1.389 0.000 0.275 1.368 0.000 0.275 0.703 2.686 636.726 616.107 68.070
1.410 0.000 0.277 1.389 0.000 0.275 0.701 1.997 633.106 626.931 68.070
1.430 -0.000 0.279 1.410 0.000 0.277 0.705 1.997 634.916 614.303 69.815
1.451 -0.000 0.281 1.432 0.000 0.279 0.708 1.997 634.916 610.695 52.361
1.471 -0.000 0.281 1.453 0.000 0.281 0.710 2.808 645.775 614.303 59.343
1.492 -0.000 0.282 1.474 0.000 0.281 0.706 1.997 631.296 621.519 59.343
1.512 -0.000 0.284 1.495 0.000 0.282 0.711 1.997 634.916 599.872 73.306
1.533 -0.000 0.286 1.517 0.000 0.284 0.712 2.058 642.155 614.303 66.325
1.553 -0.000 0.286 1.537 0.000 0.286 0.709 2.747 638.535 614.303 62.834
1.573 -0.001 0.288 1.558 0.000 0.286 0.712 1.997 647.584 612.499 68.070
1.593 -0.001 0.289 1.577 0.000 0.288 0.711 1.936 640.345 619.715 71.561
1.612 -0.001 0.291 1.595 0.000 0.289 0.708 1.997 631.296 617.911 59.343
1.630 -0.001 0.291 1.612 0.000 0.291 0.705 2.808 627.676 621.519 83.778
1.646 -0.001 0.293 1.627 0.000 0.291 0.702 1.997 625.867 619.715 68.070
1.661 -0.001 0.295 1.640 0.000 0.293 0.697 2.058 624.057 625.127 73.306
1.674 -0.001 0.296 1.652 0.000 0.295 0.697 1.936 631.296 621.519 76.797
1.686 -0.001 0.296 1.662 0.000 0.296 0.700 2.808 636.726 623.323 54.107
1.695 -0.000 0.298 1.671 0.000 0.296 0.699 2.058 629.486 616.107 78.542
1.703 -0.000 0.300 1.678 0.000 0.298 0.701 1.997 643.965 630.539 75.051
1.710 -0.000 0.301 1.684 0.000 0.300 0.705 1.997 645.775 621.519 55.852
1.715 -0.000 0.301 1.688 0.000 0.301 0.702 2.747 627.676 617.911 62.834
1.718 0.000 0.303 1.690 0.000 0.301 0.706 1.997 638.535 610.695 62.834
1.720 0.000 0.305 1.691 0.000 0.303 0.705 1.997 633.106 616.107 57.598
1.720 0.000 0.307 1.691 0.000 0.305 0.706 2.058 633.106 612.499 71.561
1.720 0.000 0.307 1.689 0.000 0.307 0.709 2.808 633.106 608.891 64.579
1.717 0.000 0.309 1.685 0.000 0.307 0.705 2.058 638.535 621.519 55.852
1.713 0.000 0.310 1.681 0.000 0.309 0.706 2.058 647.584 612.499 61.088
1.708 0.000 0.312 1.676 0.000 0.310 0.707 1.997 645.775 625.127 69.815
