x_est y_est heading_est x_ref y_ref heading_ref magdwick gyro mag_x mag_y mag_z
0.000 0.000 0.038 0.000 0.000 0.000 0.900 2.119 875.620 244.493 26.181
0.001 -0.000 0.040 0.000 0.000 0.038 0.928 1.936 872.001 262.533 36.653
0.002 -0.001 0.040 0.001 0.000 0.040 0.955 2.869 873.811 257.121 27.926
0.003 -0.001 0.042 0.002 0.000 0.040 0.978 2.119 890.099 255.317 33.162
0.004 -0.001 0.044 0.005 0.000 0.042 1.001 1.997 873.811 246.297 48.871
0.006 -0.002 0.045 0.009 0.000 0.044 1.023 2.119 873.811 239.081 52.361
0.009 -0.002 0.045 0.014 0.000 0.045 1.043 2.869 862.952 242.689 27.926
0.012 -0.002 0.047 0.020 0.000 0.045 1.060 2.180 891.909 253.513 45.380
0.017 -0.002 0.049 0.028 0.000 0.047 1.075 2.058 870.191 260.729 34.908
0.023 -0.002 0.051 0.036 0.000 0.049 1.090 2.058 893.719 244.493 26.181
0.031 -0.002 0.051 0.046 0.000 0.051 1.102 2.869 893.719 255.317 26.181
0.039 -0.002 0.053 0.056 0.000 0.051 1.113 2.119 890.099 248.101 40.144
0.049 -0.002 0.055 0.068 0.000 0.053 1.120 2.058 866.571 264.336 38.398
0.061 -0.002 0.056 0.079 0.000 0.055 1.127 2.180 882.860 258.925 40.144
0.073 -0.002 0.056 0.090 0.000 0.056 1.137 2.808 891.909 239.081 41.889
0.085 -0.002 0.058 0.101 0.000 0.056 1.142 2.180 881.050 257.121 45.380
0.098 -0.001 0.060 0.113 0.000 0.058 1.147 1.997 886.479 258.925 33.162
0.110 -0.001 0.062 0.124 0.000 0.060 1.151 2.058 886.479 258.925 33.162
0.122 -0.001 0.062 0.135 0.000 0.062 1.156 2.808 879.240 244.493 26.181
0.134 -0.000 0.064 0.146 0.000 0.062 1.160 2.119 888.289 249.905 41.889
0.146 -0.000 0.066 0.158 0.000 0.064 1.163 2.119 879.240 248.101 29.672
0.158 0.000 0.067 0.169 0.000 0.066 1.166 2.058 875.620 248.101 36.653
0.170 0.000 0.067 0.180 0.000 0.067 1.171 2.869 881.050 235.473 38.398
0.182 0.000 0.067 0.191 0.000 0.067 1.172 2.747 855.713 242.689 45.380
0.194 0.000 0.069 0.203 0.000 0.067 1.172 2.180 897.338 266.140 47.125
0.206 0.000 0.071 0.214 0.000 0.069 1.173 2.119 884.669 249.905 41.889
0.218 0.000 0.071 0.225 0.000 0.071 1.173 2.930 872.001 255.317 36.653
0.230 0.000 0.071 0.236 0.000 0.071 1.174 2.808 881.050 253.513 45.380
0.241 0.000 0.073 0.248 0.000 0.071 1.173 2.058 875.620 258.925 29.672
0.253 0.000 0.075 0.259 0.000 0.073 1.173 2.058 875.620 258.925 29.672
0.265 0.000 0.075 0.270 0.000 0.075 1.174 2.930 882.860 251.709 47.125
0.277 0.000 0.077 0.281 0.000 0.075 1.173 2.119 890.099 262.533 43.635
0.288 0.000 0.078 0.293 0.000 0.077 1.173 2.119 891.909 260.729 24.435
0.300 0.000 0.080 0.304 0.000 0.078 1.175 2.058 881.050 249.905 34.908
0.312 0.000 0.080 0.315 0.000 0.080 1.175 2.930 877.430 249.905 45.380
0.324 0.000 0.080 0.326 0.000 0.080 1.177 2.869 891.909 246.297 31.417
0.335 0.001 0.082 0.337 0.000 0.080 1.177 2.058 877.430 253.513 38.398
0.347 0.001 0.084 0.349 0.000 0.082 1.176 2.119 882.860 262.533 40.144
0.359 0.001 0.084 0.360 0.000 0.084 1.175 2.808 864.762 255.317 43.635
0.370 0.001 0.084 0.371 0.000 0.084 1.175 2.869 882.860 255.317 36.653
0.382 0.001 0.086 0.382 0.000 0.084 1.178 2.119 882.860 240.885 43.635
0.394 0.001 0.088 0.394 0.000 0.086 1.180 2.058 882.860 240.885 43.635
0.405 0.001 0.088 0.405 0.000 0.088 1.180 2.991 891.909 249.905 41.889
0.417 0.001 0.089 0.416 0.000 0.088 1.181 2.058 888.289 246.297 48.871
0.428 0.001 0.091 0.427 0.000 0.089 1.181 2.180 882.860 251.709 33.162
0.440 0.001 0.093 0.439 0.000 0.091 1.181 2.058 881.050 253.513 38.398
0.451 0.001 0.093 0.450 0.000 0.093 1.182 2.808 891.909 249.905 41.889
0.462 0.001 0.093 0.461 0.000 0.093 1.180 2.808 879.240 258.925 43.635
0.474 0.000 0.095 0.472 0.000 0.093 1.179 2.058 870.191 257.121 38.398
0.485 0.000 0.097 0.484 0.000 0.095 1.179 2.058 873.811 246.297 34.908
0.496 0.000 0.097 0.495 0.000 0.097 1.180 2.808 886.479 251.709 19.199
0.508 0.000 0.097 0.506 0.000 0.097 1.178 2.930 879.240 262.533 36.653
0.519 0.001 0.098 0.517 0.000 0.097 1.176 2.119 882.860 262.533 40.144
0.531 0.001 0.100 0.529 0.000 0.098 1.175 2.119 882.860 262.533 40.144
0.542 0.001 0.100 0.540 0.000 0.100 1.177 2.930 879.240 244.493 26.181
0.553 0.001 0.100 0.551 0.000 0.100 1.176 2.747 870.191 253.513 34.908
0.565 0.001 0.102 0.562 0.000 0.100 1.177 2.180 870.191 249.905 48.871
0.576 0.001 0.104 0.574 0.000 0.102 1.176 1.997 873.811 253.513 41.889
0.587 0.001 0.104 0.585 0.000 0.104 1.174 2.869 886.479 273.356 29.672
0.599 0.001 0.104 0.596 0.000 0.104 1.173 2.808 872.001 258.925 36.653
0.610 0.001 0.106 0.608 0.000 0.104 1.173 2.180 875.620 258.925 54.107
0.621 0.001 0.108 0.619 0.000 0.106 1.176 1.997 891.909 235.473 34.908
0.632 0.001 0.108 0.630 0.000 0.108 1.180 2.930 882.860 233.669 57.598
0.644 0.001 0.108 0.641 0.000 0.108 1.178 2.808 879.240 258.925 36.653
0.655 0.001 0.109 0.653 0.000 0.108 1.178 2.119 879.240 251.709 33.162
0.666 0.001 0.111 0.664 0.000 0.109 1.179 2.119 879.240 251.709 33.162
0.677 0.000 0.111 0.675 0.000 0.111 1.181 2.869 872.001 237.277 43.635
0.688 0.000 0.111 0.686 0.000 0.111 1.181 2.869 882.860 251.709 47.125
0.699 0.000 0.113 0.698 0.000 0.111 1.181 2.058 879.240 248.101 43.635
0.711 0.000 0.115 0.709 0.000 0.113 1.181 2.058 879.240 251.709 47.125
0.722 0.000 0.115 0.720 0.000 0.115 1.180 2.991 879.240 255.317 36.653
0.733 0.000 0.115 0.731 0.000 0.115 1.178 2.808 872.001 258.925 40.144
0.745 0.001 0.117 0.743 0.000 0.115 1.179 2.180 891.909 249.905 38.398
0.756 0.001 0.119 0.754 0.000 0.117 1.179 2.119 882.860 255.317 36.653
0.767 0.001 0.119 0.765 0.000 0.119 1.177 2.930 882.860 262.533 40.144
0.779 0.001 0.119 0.776 0.000 0.119 1.178 2.747 873.811 246.297 38.398
0.790 0.001 0.121 0.788 0.000 0.119 1.178 2.180 890.099 255.317 33.162
0.801 0.001 0.122 0.799 0.000 0.121 1.178 2.058 890.099 255.317 33.162
0.812 0.001 0.124 0.810 0.000 0.122 1.178 2.119 902.768 257.121 48.871
0.823 0.001 0.124 0.821 0.000 0.124 1.176 2.930 879.240 266.140 40.144
0.835 0.001 0.126 0.833 0.000 0.124 1.175 2.058 870.191 257.121 38.398
0.846 0.000 0.128 0.844 0.000 0.126 1.175 2.058 882.860 255.317 40.144
0.857 0.000 0.130 0.854 0.000 0.128 1.176 2.119 884.669 253.513 38.398
0.868 0.000 0.130 0.864 0.000 0.130 1.173 2.869 870.191 267.944 38.398
0.878 -0.000 0.131 0.872 0.000 0.130 1.174 2.119 879.240 255.317 47.125
0.887 -0.000 0.133 0.880 0.000 0.131 1.174 2.058 884.669 253.513 27.926
0.895 0.000 0.135 0.886 0.000 0.133 1.173 2.180 868.381 262.533 47.125
0.901 -0.000 0.135 0.891 0.000 0.135 1.173 2.808 877.430 253.513 38.398
0.906 -0.000 0.137 0.895 0.000 0.135 1.173 2.058 888.289 260.729 38.398
0.910 0.000 0.139 0.898 0.000 0.137 1.175 2.058 870.191 246.297 41.889
0.912 0.000 0.141 0.899 0.000 0.139 1.174 2.058 890.099 262.533 33.162
0.914 0.000 0.141 0.900 0.000 0.141 1.175 2.869 875.620 248.101 57.598
0.915 0.000 0.142 0.900 0.000 0.141 1.175 2.058 881.050 257.121 34.908
0.915 0.000 0.144 0.915 0.000 0.142 1.175 2.058 879.240 255.317 43.635
0.916 0.000 0.146 0.915 0.000 0.144 1.176 2.058 882.860 255.317 57.598
0.917 -0.000 0.146 0.914 0.000 0.146 1.175 2.808 877.430 257.121 41.889
0.918 -0.000 0.146 0.913 0.000 0.146 1.175 2.869 875.620 251.709 33.162
0.918 0.000 0.148 0.910 0.000 0.146 1.178 2.119 890.099 240.885 29.672
0.918 0.000 0.150 0.906 0.000 0.148 1.176 2.058 853.903 255.317 43.635
0.915 0.000 0.150 0.901 0.000 0.150 1.176 2.686 881.050 257.121 41.889
0.910 0.000 0.150 0.895 0.000 0.150 1.176 2.869 881.050 257.121 41.889
0.905 0.001 0.151 0.887 0.000 0.150 1.177 1.997 882.860 248.101 40.144
0.898 0.001 0.153 0.879 0.000 0.151 1.177 2.180 877.430 253.513 45.380
0.889 0.001 0.153 0.869 0.000 0.153 1.177 2.747 877.430 249.905 34.908
0.880 0.001 0.153 0.859 0.000 0.153 1.178 2.930 886.479 248.101 29.672
0.869 0.001 0.155 0.848 0.000 0.153 1.177 1.997 888.289 264.336 48.871
0.857 0.001 0.157 0.836 0.000 0.155 1.176 2.058 870.191 257.121 45.380
0.845 0.001 0.157 0.825 0.000 0.157 1.176 2.869 879.240 255.317 36.653
0.833 0.001 0.157 0.814 0.000 0.157 1.173 2.747 881.050 271.552 38.398
0.821 0.001 0.159 0.803 0.000 0.157 1.174 1.997 866.571 249.905 45.380
0.809 0.000 0.160 0.791 0.000 0.159 1.172 2.119 899.148 275.160 38.398
0.797 0.000 0.162 0.780 0.000 0.160 1.171 2.058 877.430 260.729 38.398
0.785 0.000 0.162 0.769 0.000 0.162 1.174 2.808 866.571 239.081 34.908
0.774 -0.000 0.164 0.758 0.000 0.162 1.173 2.180 873.811 260.729 41.889
0.761 -0.000 0.166 0.746 0.000 0.164 1.174 1.997 877.430 253.513 38.398
0.749 -0.000 0.168 0.735 0.000 0.166 1.174 2.180 868.381 251.709 57.598
0.737 -0.000 0.168 0.724 0.000 0.168 1.173 2.747 872.001 262.533 43.635
0.725 -0.000 0.170 0.713 0.000 0.168 1.171 2.119 873.811 264.336 34.908
0.713 -0.000 0.171 0.701 0.000 0.170 1.172 2.058 875.620 255.317 47.125
0.701 -0.000 0.173 0.690 0.000 0.171 1.171 2.058 873.811 260.729 38.398
0.689 0.000 0.173 0.679 0.000 0.173 1.173 2.686 897.338 251.709 22.690
0.677 0.000 0.175 0.668 0.000 0.173 1.174 2.058 877.430 249.905 31.417
0.665 0.000 0.177 0.656 0.000 0.175 1.175 1.997 886.479 251.709 33.162
0.653 0.001 0.179 0.645 0.000 0.177 1.175 2.119 872.001 255.317 33.162
0.641 0.001 0.179 0.634 0.000 0.179 1.176 2.747 882.860 251.709 36.653
0.629 0.000 0.180 0.623 0.000 0.179 1.178 2.119 884.669 242.689 27.926
0.617 0.000 0.182 0.611 0.000 0.180 1.178 2.058 881.050 253.513 52.361
0.606 0.000 0.184 0.600 0.000 0.182 1.178 2.180 875.620 248.101 50.616
0.594 -0.000 0.184 0.589 0.000 0.184 1.176 2.747 882.860 269.748 40.144
0.582 -0.000 0.186 0.578 0.000 0.184 1.176 2.119 873.811 249.905 38.398
0.570 -0.000 0.188 0.566 0.000 0.186 1.178 2.058 872.001 244.493 33.162
0.558 -0.001 0.190 0.555 0.000 0.188 1.176 2.119 875.620 258.925 43.635
0.546 -0.001 0.190 0.544 0.000 0.190 1.176 2.808 888.289 260.729 41.889
0.534 -0.001 0.191 0.533 0.000 0.190 1.176 2.180 873.811 253.513 45.380
0.523 -0.001 0.193 0.521 0.000 0.191 1.176 2.180 877.430 249.905 31.417
0.511 -0.001 0.195 0.510 0.000 0.193 1.178 2.058 890.099 248.101 50.616
0.500 -0.001 0.195 0.499 0.000 0.195 1.179 2.808 890.099 248.101 50.616
0.488 -0.001 0.197 0.488 0.000 0.195 1.179 2.119 875.620 248.101 36.653
0.477 -0.001 0.199 0.476 0.000 0.197 1.177 2.058 881.050 267.944 38.398
0.465 -0.001 0.201 0.465 0.000 0.199 1.178 2.058 870.191 246.297 34.908
0.454 -0.001 0.201 0.454 0.000 0.201 1.178 2.930 882.860 251.709 33.162
0.443 -0.001 0.202 0.443 0.000 0.201 1.175 2.119 877.430 267.944 41.889
0.431 -0.000 0.204 0.431 0.000 0.202 1.176 2.119 875.620 251.709 29.672
0.420 -0.001 0.206 0.420 0.000 0.204 1.176 2.058 872.001 251.709 47.125
0.409 -0.000 0.206 0.409 0.000 0.206 1.175 2.930 895.528 267.944 45.380
0.397 -0.000 0.208 0.398 0.000 0.206 1.174 2.058 881.050 260.729 41.889
0.386 -0.000 0.210 0.386 0.000 0.208 1.174 2.180 890.099 258.925 36.653
0.374 -0.000 0.212 0.375 0.000 0.210 1.174 2.058 877.430 257.121 34.908
0.363 -0.000 0.212 0.364 0.000 0.212 1.174 2.869 877.430 257.121 34.908
0.351 -0.001 0.213 0.353 0.000 0.212 1.173 1.997 891.909 264.336 38.398
0.340 -0.001 0.215 0.341 0.000 0.213 1.175 2.119 888.289 249.905 41.889
0.328 -0.001 0.217 0.330 0.000 0.215 1.173 2.058 875.620 262.533 29.672
0.317 -0.001 0.217 0.319 0.000 0.217 1.173 2.808 888.289 260.729 34.908
0.305 -0.001 0.219 0.308 0.000 0.217 1.175 2.058 886.479 248.101 43.635
0.294 -0.001 0.221 0.296 0.000 0.219 1.178 2.180 881.050 239.081 38.398
0.283 -0.001 0.223 0.285 0.000 0.221 1.177 2.119 868.381 255.317 40.144
0.271 -0.001 0.223 0.274 0.000 0.223 1.179 2.808 890.099 244.493 47.125
0.260 -0.001 0.224 0.263 0.000 0.223 1.179 2.058 877.430 249.905 38.398
0.249 -0.001 0.226 0.251 0.000 0.224 1.178 2.058 868.381 251.709 36.653
0.238 -0.001 0.228 0.240 0.000 0.226 1.178 2.058 882.860 255.317 43.635
0.226 -0.001 0.228 0.229 0.000 0.228 1.178 2.930 882.860 255.317 43.635
0.215 -0.001 0.230 0.218 0.000 0.228 1.177 2.119 875.620 255.317 43.635
0.204 -0.001 0.232 0.206 0.000 0.230 1.178 2.180 872.001 244.493 43.635
0.193 -0.001 0.233 0.195 0.000 0.232 1.178 1.997 881.050 257.121 31.417
0.181 -0.001 0.233 0.184 0.000 0.233 1.177 2.930 877.430 257.121 45.380
0.170 -0.001 0.235 0.173 0.000 0.233 1.177 1.997 884.669 257.121 38.398
0.159 -0.001 0.237 0.161 0.000 0.235 1.176 2.180 884.669 257.121 41.889
0.148 -0.001 0.239 0.150 0.000 0.237 1.176 2.119 882.860 255.317 29.672
0.137 -0.000 0.239 0.140 0.000 0.239 1.177 2.747 868.381 248.101 36.653
0.126 -0.000 0.241 0.130 0.000 0.239 1.177 2.180 875.620 248.101 57.598
0.116 -0.000 0.243 0.122 0.000 0.241 1.177 2.058 897.338 258.925 40.144
0.107 -0.001 0.244 0.114 0.000 0.243 1.177 2.119 893.719 258.925 36.653
0.099 -0.001 0.244 0.108 0.000 0.244 1.177 2.808 893.719 258.925 36.653
0.092 -0.001 0.246 0.103 0.000 0.244 1.177 2.058 877.430 249.905 31.417
0.088 -0.001 0.248 0.099 0.000 0.246 1.178 2.119 875.620 251.709 43.635
0.084 -0.001 0.250 0.096 0.000 0.248 1.178 2.119 881.050 253.513 34.908
0.081 -0.001 0.250 0.095 0.000 0.250 1.179 2.869 877.430 246.297 48.871
0.079 -0.001 0.252 0.094 0.000 0.250 1.178 2.058 884.669 260.729 41.889
0.078 -0.001 0.254 0.094 0.000 0.252 1.176 2.119 891.909 264.336 41.889
0.078 -0.001 0.254 0.078 -0.001 0.254 1.176 2.869 877.430 257.121 38.398
0.077 -0.001 0.255 0.078 -0.001 0.253 1.175 2.119 886.479 258.925 40.144
0.076 -0.001 0.257 0.079 -0.001 0.253 1.176 2.119 879.240 251.709 29.672
0.075 -0.001 0.259 0.081 -0.001 0.251 1.176 2.180 882.860 255.317 50.616
0.075 -0.001 0.259 0.083 -0.001 0.247 1.177 2.747 897.338 251.709 54.107
0.076 -0.001 0.261 0.087 -0.001 0.241 1.179 2.119 890.099 248.101 33.162
0.078 -0.001 0.263 0.092 -0.001 0.232 1.180 2.119 890.099 248.101 33.162
0.083 -0.002 0.265 0.099 -0.001 0.221 1.178 2.119 875.620 262.533 26.181
0.089 -0.002 0.265 0.106 -0.001 0.207 1.178 2.808 891.909 253.513 59.343
0.096 -0.002 0.267 0.114 -0.001 0.192 1.178 2.058 879.240 251.709 40.144
0.104 -0.002 0.268 0.124 -0.001 0.175 1.178 2.180 877.430 249.905 38.398
0.114 -0.002 0.270 0.135 -0.001 0.157 1.179 1.997 877.430 249.905 38.398
0.124 -0.002 0.270 0.146 -0.001 0.140 1.178 2.869 891.909 260.729 38.398
0.136 -0.002 0.272 0.157 -0.001 0.122 1.179 2.119 870.191 246.297 31.417
0.148 -0.002 0.274 0.168 -0.001 0.105 1.178 2.058 881.050 253.513 45.380
0.160 -0.002 0.276 0.179 -0.001 0.087 1.177 2.119 888.289 260.729 38.398
0.172 -0.002 0.276 0.191 -0.001 0.071 1.177 2.869 870.191 253.513 45.380
0.184 -0.002 0.277 0.202 -0.001 0.055 1.175 2.058 882.860 266.140 54.107
0.196 -0.001 0.279 0.213 -0.001 0.042 1.174 2.058 882.860 266.140 54.107
0.208 -0.001 0.281 0.224 -0.001 0.030 1.175 2.119 873.811 249.905 31.417
0.219 -0.001 0.281 0.236 -0.001 0.022 1.174 2.930 886.479 258.925 43.635
0.232 -0.001 0.283 0.247 -0.001 0.015 1.174 2.058 875.620 255.317 33.162
0.244 -0.001 0.285 0.258 -0.001 0.011 1.174 2.119 888.289 260.729 31.417
0.256 -0.001 0.287 0.269 -0.001 0.009 1.174 2.119 877.430 253.513 38.398
0.268 -0.001 0.287 0.281 -0.001 0.009 1.175 2.808 882.860 251.709 43.635
0.280 -0.001 0.288 0.292 -0.001 0.009 1.177 2.119 882.860 248.101 43.635
0.292 -0.001 0.290 0.303 -0.001 0.288 1.178 2.058 877.430 246.297 41.889
0.304 -0.001 0.292 0.314 -0.001 0.290 1.179 2.119 891.909 249.905 10.472
0.316 -0.001 0.292 0.326 -0.001 0.292 1.176 2.991 868.381 266.140 57.598
0.328 -0.001 0.294 0.337 -0.001 0.292 1.176 2.668 873.811 249.905 48.871
0.340 -0.001 0.296 0.348 -0.001 0.294 1.179 1.691 904.577 240.885 22.690
0.352 -0.001 0.297 0.359 -0.001 0.296 1.179 1.752 881.050 253.513 45.380
0.364 -0.001 0.297 0.371 -0.001 0.297 1.180 2.930 893.719 248.101 50.616
0.376 -0.001 0.299 0.382 -0.001 0.297 1.177 2.119 881.050 267.944 24.435
0.388 -0.001 0.301 0.393 -0.001 0.299 1.176 2.119 904.577 266.140 33.162
0.400 -0.000 0.303 0.404 -0.001 0.301 1.177 1.936 877.430 249.905 41.889
0.412 -0.000 0.303 0.416 -0.001 0.303 1.177 2.991 882.860 251.709 33.162
0.424 -0.000 0.305 0.427 -0.001 0.303 1.178 1.997 886.479 244.493 33.162
0.435 -0.000 0.306 0.438 -0.001 0.305 1.177 2.180 886.479 258.925 40.144
0.447 -0.000 0.308 0.449 -0.001 0.306 1.177 1.936 877.430 257.121 45.380
0.459 -0.000 0.308 0.461 -0.001 0.308 1.177 2.869 882.860 251.709 43.635
0.470 -0.000 0.310 0.472 -0.001 0.308 1.178 1.997 886.479 251.709 33.162
0.482 0.000 0.312 0.483 -0.001 0.310 1.178 2.241 886.479 251.709 33.162
0.494 0.000 0.314 0.494 -0.001 0.312 1.179 2.058 881.050 249.905 55.852
0.505 0.000 0.314 0.506 -0.001 0.314 1.178 2.808 891.909 260.729 34.908
0.517 0.000 0.315 0.517 -0.001 0.314 1.178 2.119 879.240 251.709 47.125
0.528 0.000 0.317 0.528 -0.001 0.315 1.179 2.058 879.240 248.101 33.162
0.540 0.000 0.319 0.539 -0.001 0.317 1.179 2.119 872.001 248.101 43.635
0.551 -0.000 0.319 0.551 -0.001 0.319 1.178 2.808 881.050 257.121 41.889
0.562 -0.000 0.321 0.562 -0.001 0.319 1.179 2.119 897.338 255.317 29.672
0.574 -0.000 0.323 0.573 -0.001 0.321 1.177 2.058 882.860 266.140 36.653
0.585 -0.001 0.325 0.584 -0.001 0.323 1.177 2.058 875.620 251.709 40.144
0.596 -0.001 0.325 0.596 -0.001 0.325 1.176 2.869 873.811 257.121 34.908
0.608 -0.001 0.326 0.607 -0.001 0.325 1.175 2.058 873.811 257.121 34.908
0.619 -0.001 0.328 0.618 -0.001 0.326 1.176 2.180 877.430 253.513 52.361
0.630 -0.001 0.330 0.629 -0.001 0.328 1.177 2.058 884.669 249.905 34.908
0.642 -0.001 0.330 0.641 -0.001 0.330 1.176 2.869 879.240 255.317 40.144
0.653 -0.000 0.332 0.652 -0.001 0.330 1.177 2.119 881.050 253.513 41.889
0.665 -0.000 0.334 0.663 -0.001 0.332 1.176 2.119 881.050 257.121 38.398
0.676 -0.000 0.336 0.674 -0.001 0.334 1.175 2.119 875.620 262.533 43.635
0.688 -0.000 0.336 0.686 -0.001 0.336 1.176 2.930 886.479 251.709 43.635
0.699 -0.000 0.337 0.697 -0.001 0.336 1.177 2.058 881.050 249.905 45.380
0.710 -0.000 0.339 0.708 -0.001 0.337 1.179 2.058 882.860 240.885 33.162
0.722 -0.000 0.341 0.719 -0.001 0.339 1.179 2.119 893.719 255.317 40.144
0.733 0.000 0.341 0.731 -0.001 0.341 1.179 2.808 879.240 251.709 43.635
0.744 0.000 0.343 0.742 -0.001 0.341 1.178 2.058 884.669 260.729 59.343
0.755 -0.000 0.345 0.753 -0.001 0.343 1.180 1.997 904.577 244.493 40.144
0.767 -0.000 0.346 0.764 -0.001 0.345 1.181 2.180 872.001 244.493 36.653
0.778 0.000 0.346 0.776 -0.001 0.346 1.180 2.869 875.620 255.317 33.162
0.789 -0.000 0.348 0.787 -0.001 0.346 1.180 2.058 881.050 253.513 48.871
0.800 -0.000 0.350 0.798 -0.001 0.348 1.180 2.119 873.811 249.905 41.889
0.811 -0.000 0.352 0.809 -0.001 0.350 1.179 2.058 881.050 257.121 41.889
0.822 -0.000 0.352 0.821 -0.001 0.352 1.179 2.808 875.620 248.101 40.144
0.834 -0.000 0.354 0.832 -0.001 0.352 1.182 2.058 891.909 239.081 45.380
0.845 -0.000 0.356 0.843 -0.001 0.354 1.183 2.180 882.860 244.493 40.144
0.856 -0.000 0.357 0.854 -0.001 0.356 1.180 2.058 886.479 266.140 47.125
0.867 -0.000 0.357 0.866 -0.001 0.357 1.179 2.930 862.952 249.905 34.908
0.878 -0.000 0.359 0.877 -0.001 0.357 1.180 2.119 877.430 246.297 38.398
0.890 -0.000 0.361 0.888 -0.001 0.359 1.183 1.997 882.860 233.669 33.162
0.901 -0.000 0.363 0.899 -0.001 0.361 1.181 2.119 873.811 257.121 31.417
0.912 -0.000 0.363 0.911 -0.001 0.363 1.183 2.808 873.811 239.081 38.398
0.924 -0.000 0.365 0.922 -0.001 0.363 1.180 1.997 875.620 262.533 54.107
0.935 -0.000 0.367 0.933 -0.001 0.365 1.180 2.180 890.099 255.317 40.144
0.946 -0.000 0.368 0.944 -0.001 0.367 1.182 2.058 890.099 240.885 43.635
0.957 -0.000 0.368 0.956 -0.001 0.368 1.181 2.869 884.669 253.513 38.398
0.969 0.000 0.370 0.967 -0.001 0.368 1.181 2.058 875.620 251.709 33.162
0.980 0.000 0.372 0.978 -0.001 0.370 1.182 2.119 879.240 244.493 33.162
0.991 0.000 0.374 0.989 -0.001 0.372 1.182 2.058 890.099 251.709 43.635
1.003 0.000 0.374 1.001 -0.001 0.374 1.182 2.869 873.811 246.297 45.380
1.014 0.000 0.376 1.012 -0.001 0.374 1.181 2.119 875.620 255.317 29.672
1.025 0.000 0.377 1.023 -0.001 0.376 1.180 2.119 882.860 255.317 26.181
1.036 0.000 0.379 1.034 -0.001 0.377 1.181 2.058 893.719 251.709 40.144
1.048 0.000 0.379 1.046 -0.001 0.379 1.179 2.930 888.289 264.336 45.380
1.059 0.001 0.381 1.057 -0.001 0.379 1.178 2.058 868.381 251.709 43.635
1.070 0.001 0.383 1.068 -0.001 0.381 1.179 2.119 872.001 248.101 43.635
1.081 0.001 0.385 1.079 -0.001 0.383 1.179 2.119 884.669 249.905 45.380
1.093 0.001 0.385 1.091 -0.001 0.385 1.177 2.869 870.191 260.729 41.889
1.104 0.000 0.387 1.102 -0.001 0.385 1.178 2.119 886.479 248.101 26.181
1.115 0.000 0.388 1.113 -0.001 0.387 1.178 2.119 881.050 257.121 41.889
1.126 0.000 0.390 1.124 -0.001 0.388 1.176 1.997 862.952 257.121 27.926
1.138 0.000 0.390 1.136 -0.001 0.390 1.178 2.930 875.620 244.493 33.162
1.149 0.000 0.390 1.147 -0.001 0.390 1.179 2.869 875.620 240.885 29.672
1.160 0.000 0.392 1.158 -0.001 0.390 1.178 2.058 884.669 260.729 41.889
1.171 -0.000 0.394 1.169 -0.001 0.392 1.177 2.180 893.719 262.533 50.616
1.182 -0.000 0.394 1.181 -0.001 0.394 1.179 2.808 877.430 242.689 38.398
1.193 -0.000 0.394 1.192 -0.001 0.394 1.180 2.930 891.909 249.905 34.908
1.204 -0.001 0.396 1.203 -0.000 0.394 1.180 2.119 873.811 249.905 48.871
1.216 -0.001 0.398 1.214 -0.000 0.396 1.179 2.119 875.620 255.317 40.144
1.227 -0.001 0.398 1.226 -0.000 0.398 1.180 2.808 868.381 240.885 47.125
1.238 -0.001 0.398 1.237 -0.000 0.398 1.180 2.808 879.240 251.709 36.653
1.249 -0.000 0.399 1.248 -0.000 0.398 1.177 2.058 875.620 266.140 40.144
1.260 -0.000 0.401 1.259 -0.000 0.399 1.179 2.058 881.050 242.689 38.398
1.272 -0.000 0.401 1.271 -0.000 0.401 1.178 2.869 884.669 257.121 31.417
1.283 -0.000 0.403 1.282 -0.000 0.401 1.179 2.058 872.001 248.101 33.162
1.294 -0.000 0.405 1.293 -0.000 0.403 1.179 1.997 875.620 251.709 50.616
1.306 0.000 0.407 1.304 -0.000 0.405 1.180 2.119 873.811 242.689 45.380
1.317 0.000 0.407 1.316 -0.000 0.407 1.181 2.808 882.860 248.101 47.125
1.328 0.000 0.407 1.327 -0.000 0.407 1.181 2.808 884.669 249.905 48.871
1.339 0.000 0.408 1.338 -0.000 0.407 1.179 2.058 881.050 264.336 34.908
1.351 0.000 0.410 1.349 -0.000 0.408 1.178 2.058 870.191 257.121 48.871
1.362 0.000 0.410 1.361 -0.000 0.410 1.177 2.808 877.430 257.121 41.889
1.373 0.000 0.412 1.372 -0.000 0.410 1.177 2.119 868.381 248.101 47.125
1.384 0.000 0.414 1.383 -0.000 0.412 1.175 2.119 877.430 267.944 34.908
1.396 0.000 0.416 1.394 -0.000 0.414 1.175 2.058 881.050 257.121 31.417
1.407 0.000 0.416 1.406 -0.000 0.416 1.175 2.808 881.050 257.121 41.889
1.418 0.000 0.417 1.417 -0.000 0.416 1.175 1.997 886.479 258.925 50.616
1.430 0.000 0.419 1.428 -0.000 0.417 1.175 2.119 881.050 253.513 38.398
1.441 0.000 0.421 1.439 -0.000 0.419 1.174 2.119 884.669 260.729 41.889
1.452 0.000 0.421 1.451 -0.000 0.421 1.173 2.808 884.669 264.336 38.398
1.463 0.000 0.421 1.462 -0.000 0.421 1.175 2.869 884.669 246.297 48.871
1.474 0.000 0.423 1.473 -0.000 0.421 1.176 2.119 890.099 255.317 33.162
1.486 0.000 0.425 1.484 -0.000 0.423 1.176 2.119 872.001 251.709 40.144
1.497 0.000 0.425 1.496 -0.000 0.425 1.175 2.808 884.669 264.336 41.889
1.508 0.000 0.425 1.507 -0.000 0.425 1.176 2.869 891.909 253.513 38.398
1.519 0.000 0.427 1.518 -0.000 0.425 1.175 2.058 884.669 260.729 34.908
1.530 -0.000 0.428 1.529 -0.000 0.427 1.177 2.180 881.050 246.297 41.889
1.542 -0.000 0.428 1.541 -0.000 0.428 1.179 2.869 882.860 240.885 33.162
1.553 -0.000 0.428 1.552 -0.000 0.428 1.179 2.747 881.050 249.905 17.454
1.564 -0.000 0.430 1.563 -0.000 0.428 1.179 2.058 882.860 255.317 50.616
1.575 -0.000 0.432 1.574 -0.000 0.430 1.179 2.058 895.528 253.513 31.417
1.586 -0.000 0.432 1.586 -0.000 0.432 1.179 2.869 884.669 253.513 38.398
1.598 -0.000 0.432 1.597 -0.000 0.432 1.179 2.808 884.669 253.513 45.380
1.609 0.000 0.434 1.608 -0.000 0.432 1.178 2.119 877.430 257.121 45.380
1.620 -0.000 0.436 1.619 -0.000 0.434 1.178 2.119 879.240 251.709 33.162
1.632 -0.000 0.436 1.631 -0.000 0.436 1.179 2.869 872.001 248.101 26.181
1.643 0.000 0.436 1.642 -0.000 0.436 1.178 2.747 875.620 255.317 40.144
1.654 0.000 0.438 1.653 -0.000 0.436 1.176 2.180 884.669 264.336 41.889
1.665 0.000 0.439 1.664 -0.000 0.438 1.177 1.936 886.479 251.709 22.690
1.677 0.000 0.439 1.676 -0.000 0.439 1.178 2.930 881.050 246.297 52.361
1.688 0.000 0.439 1.687 -0.000 0.439 1.179 2.808 877.430 246.297 38.398
1.699 0.000 0.441 1.698 -0.000 0.439 1.179 2.119 873.811 253.513 45.380
1.711 0.000 0.443 1.709 -0.000 0.441 1.180 2.058 877.430 242.689 45.380
1.722 0.001 0.445 1.721 -0.000 0.443 1.178 2.058 881.050 260.729 41.889
1.733 0.000 0.445 1.732 -0.000 0.445 1.176 2.808 881.050 267.944 38.398
1.744 0.000 0.447 1.743 -0.000 0.445 1.173 2.180 882.860 273.356 29.672
1.756 0.000 0.448 1.754 -0.000 0.447 1.172 1.936 877.430 264.336 38.398
1.767 0.001 0.450 1.765 -0.000 0.448 1.172 2.180 884.669 260.729 38.398
1.778 0.000 0.450 1.775 -0.000 0.450 1.172 2.869 877.430 253.513 38.398
1.788 0.000 0.452 1.783 -0.000 0.450 1.174 2.180 872.001 244.493 36.653
1.797 0.001 0.454 1.790 -0.000 0.452 1.175 2.058 873.811 249.905 17.454
1.805 0.000 0.456 1.796 -0.000 0.454 1.175 2.058 882.860 255.317 36.653
1.811 0.000 0.456 1.802 -0.000 0.456 1.175 2.869 879.240 255.317 36.653
1.816 0.000 0.458 1.805 -0.000 0.456 1.175 2.058 882.860 258.925 54.107
1.819 0.001 0.459 1.808 -0.000 0.458 1.176 2.119 884.669 253.513 45.380
1.822 0.001 0.461 1.810 -0.000 0.459 1.177 2.058 886.479 248.101 40.144
1.824 0.001 0.461 1.811 -0.000 0.461 1.175 2.869 873.811 264.336 41.889
1.824 0.001 0.463 1.811 -0.000 0.461 1.175 2.058 877.430 253.513 34.908
