1_est 2_est 3_est 4_est 1_ref 2_ref 3_ref 4_ref
0.000 0.000 0.000 0.000 0.159 -0.159 0.159 -0.159
1.309 0.960 1.004 1.309 0.049 -0.007 0.208 -0.167
4.363 3.622 3.011 4.102 -0.161 0.311 0.475 -0.326
8.465 7.374 5.629 7.723 -0.396 0.677 1.029 -0.749
13.177 12.043 9.207 12.217 -1.113 1.427 1.440 -1.126
18.282 17.366 13.134 17.279 -1.890 1.967 1.998 -1.922
22.427 22.166 16.581 21.468 -2.766 2.306 2.494 -2.954
25.133 25.438 19.853 24.740 -3.866 2.627 2.796 -4.035
27.183 27.663 23.126 27.620 -5.195 2.887 2.904 -5.212
28.754 29.103 25.482 30.020 -6.355 3.005 3.255 -6.605
30.020 30.151 27.576 31.983 -7.887 3.222 3.250 -7.915
30.980 31.067 29.540 33.685 -9.319 3.168 3.290 -9.442
31.809 31.852 31.067 35.037 -10.988 2.826 2.847 -11.009
32.419 32.769 32.027 36.041 -12.759 2.082 2.037 -12.713
32.943 33.728 32.987 36.739 -14.322 1.162 1.473 -14.634
33.641 34.427 33.990 37.394 -16.395 -0.008 -0.070 -16.333
34.252 34.863 34.732 37.961 -18.280 -1.346 -1.323 -18.304
34.732 35.212 34.994 38.310 -20.235 -2.635 -2.576 -20.294
34.994 35.430 35.168 38.659 -22.178 -3.675 -3.412 -22.442
35.430 35.517 35.387 39.008 -24.343 -4.974 -4.982 -24.335
35.605 35.517 35.387 39.226 -26.398 -6.375 -6.348 -26.424
35.692 35.474 35.387 39.314 -28.495 -7.855 -7.876 -28.474
35.779 35.474 35.561 39.444 -28.897 -7.899 -7.762 -29.033
35.954 35.430 35.866 39.444 -28.973 -7.878 -7.889 -28.961
35.910 35.387 35.997 39.314 -28.979 -7.861 -7.835 -29.005
35.779 35.430 36.216 38.964 -28.985 -8.239 -8.443 -28.780
35.561 35.474 36.565 37.568 -28.884 -8.637 -8.800 -28.721
34.427 35.387 36.914 34.732 -28.781 -9.091 -9.289 -28.583
32.114 35.256 37.175 30.980 -28.658 -9.218 -9.199 -28.677
28.842 35.125 37.350 26.573 -28.577 -9.257 -9.196 -28.638
24.653 34.994 37.394 21.380 -28.475 -8.834 -8.454 -28.856
20.028 34.907 36.826 16.232 -28.401 -8.647 -8.393 -28.655
15.533 34.776 35.736 11.868 -28.154 -9.052 -9.025 -28.180
11.301 34.907 34.688 8.203 -27.831 -8.804 -8.290 -28.345
7.810 34.907 33.467 4.974 -27.740 -6.518 -4.923 -29.335
5.018 35.168 32.769 2.269 -27.962 -4.526 -3.267 -29.221
1.789 34.688 32.812 -0.524 -28.162 -5.067 -5.000 -28.230
-1.178 34.514 32.681 -2.618 -27.724 -7.126 -7.552 -27.299
-3.403 34.470 32.332 -4.276 -27.025 -8.452 -8.331 -27.145
-4.974 34.907 32.201 -5.803 -26.346 -10.739 -11.323 -25.762
-6.894 35.430 31.329 -7.810 -25.469 -12.290 -12.236 -25.523
-7.898 36.739 30.631 -8.334 -24.593 -14.261 -14.661 -24.193
-8.508 38.092 30.194 -9.338 -23.635 -15.936 -16.000 -23.570
-8.901 38.572 29.671 -10.559 -22.776 -17.496 -17.592 -22.680
-9.730 38.179 29.016 -11.388 -22.018 -18.873 -18.829 -22.062
-10.210 37.917 29.671 -11.519 -21.191 -20.340 -20.399 -21.131
-10.603 37.917 30.543 -12.261 -20.824 -21.364 -20.993 -21.195
-10.777 37.961 32.027 -12.435 -20.919 -22.052 -21.515 -21.456
-11.563 38.572 33.947 -12.872 -20.453 -23.374 -23.320 -20.507
-12.828 39.793 36.303 -14.355 -20.584 -24.369 -23.742 -21.212
-13.439 40.623 37.786 -14.879 -21.281 -25.012 -24.255 -22.038
-14.094 41.146 38.484 -15.184 -22.185 -25.611 -24.833 -22.964
-15.752 41.452 38.921 -17.148 -22.011 -27.239 -27.160 -22.089
-17.410 41.713 39.270 -19.199 -22.677 -28.390 -27.679 -23.387
-17.846 41.844 39.357 -18.719 -23.842 -29.164 -28.428 -24.578
-18.500 41.975 39.401 -18.937 -25.392 -29.676 -28.818 -26.251
-20.551 41.975 39.444 -21.380 -25.646 -30.705 -30.601 -25.750
-22.515 42.019 39.444 -22.864 -27.005 -29.536 -28.754 -27.787
-22.907 42.106 39.357 -22.471 -28.470 -28.088 -27.375 -29.183
-23.911 42.150 39.444 -23.649 -29.715 -26.736 -26.080 -30.372
-26.354 42.150 39.444 -26.442 -29.980 -26.471 -26.345 -30.107
-27.751 42.193 39.401 -27.576 -30.678 -25.612 -25.067 -31.223
-27.663 42.193 39.532 -27.533 -31.662 -24.346 -23.718 -32.290
-28.449 42.237 39.619 -28.754 -32.599 -23.049 -22.436 -33.212
-30.063 42.237 39.619 -31.067 -32.833 -22.815 -22.671 -32.978
-30.980 42.237 39.663 -32.027 -33.370 -21.911 -21.373 -33.909
-31.154 42.237 39.837 -31.852 -33.908 -21.091 -20.674 -34.325
-31.634 42.237 39.750 -32.332 -34.298 -20.459 -20.096 -34.661
-32.681 42.150 39.793 -33.641 -34.402 -20.355 -20.200 -34.557
-33.379 41.539 39.881 -33.947 -34.622 -19.906 -19.564 -34.963
-33.248 39.226 39.968 -33.598 -34.920 -19.371 -19.031 -35.260
-33.248 35.430 39.924 -33.859 -35.150 -18.968 -18.681 -35.437
-33.772 31.503 39.706 -34.470 -35.213 -18.905 -18.744 -35.374
-34.165 27.445 38.135 -34.470 -35.126 -19.101 -19.020 -35.207
-34.165 22.515 34.557 -34.383 -34.672 -19.300 -19.157 -34.815
-34.296 17.933 30.107 -34.557 -32.504 -19.851 -19.641 -32.714
-34.296 14.923 25.656 -34.601 -30.336 -20.485 -20.324 -30.496
-33.161 11.519 20.551 -33.292 -28.288 -21.027 -20.818 -28.497
-30.718 6.938 15.141 -30.805 -26.427 -21.510 -21.299 -26.639
-28.274 3.709 11.432 -28.536 -24.606 -22.082 -21.943 -24.745
-26.224 1.833 8.727 -26.660 -22.877 -22.621 -22.459 -23.038
-23.998 -0.916 4.843 -24.304 -20.984 -23.375 -23.422 -20.937
-22.122 -3.971 1.309 -22.297 -18.919 -24.249 -24.398 -18.769
-20.944 -5.847 -0.916 -21.118 -16.711 -25.128 -25.350 -16.489
-19.504 -7.985 -3.578 -19.548 -15.138 -25.628 -25.478 -15.289
-17.191 -10.865 -7.025 -17.061 -13.111 -26.197 -26.492 -12.815
-15.228 -13.003 -9.032 -15.272 -10.662 -26.894 -27.323 -10.233
-13.657 -14.355 -10.908 -13.614 -8.072 -27.476 -27.956 -7.592
-11.214 -16.101 -13.483 -10.646 -6.699 -27.872 -27.743 -6.829
-8.334 -17.977 -15.315 -7.810 -4.667 -27.915 -28.359 -4.223
-7.025 -19.068 -15.839 -7.243 -2.535 -28.115 -28.463 -2.187
-5.629 -19.897 -17.322 -5.411 -0.740 -28.205 -28.428 -0.517
-2.443 -20.857 -19.286 -1.789 0.194 -28.349 -28.237 0.082
-0.785 -21.729 -19.766 -0.916 1.745 -28.062 -28.379 2.062
-1.396 -22.253 -19.897 -1.963 3.612 -27.877 -28.211 3.946
0.131 -22.427 -20.988 0.742 5.344 -27.643 -27.945 5.646
3.491 -22.820 -21.773 4.232 6.157 -27.758 -27.661 6.061
4.276 -23.344 -21.642 3.971 7.866 -27.013 -27.497 8.351
3.752 -23.649 -21.904 3.447 9.901 -26.418 -26.901 10.384
6.065 -23.475 -22.515 6.458 11.813 -25.720 -26.200 12.293
9.643 -23.169 -22.864 9.556 12.608 -25.848 -25.773 12.533
10.646 -22.995 -22.340 10.167 14.343 -24.469 -25.126 15.001
10.385 -23.213 -21.817 10.297 16.694 -22.934 -23.767 17.527
12.697 -22.471 -21.773 12.479 18.952 -21.305 -22.129 19.776
16.275 -20.595 -21.249 15.490 19.819 -21.507 -21.463 19.775
17.628 -19.460 -19.679 17.017 20.881 -20.107 -20.594 21.369
17.890 -19.679 -19.068 17.322 22.192 -18.842 -19.348 22.698
19.853 -18.719 -19.024 19.330 23.217 -17.974 -18.309 23.553
22.471 -16.450 -17.366 22.689 23.618 -18.000 -17.974 23.592
22.951 -16.188 -15.752 23.431 23.885 -17.662 -17.720 23.942
22.078 -17.628 -16.450 22.078 24.205 -17.446 -17.453 24.212
22.427 -17.061 -17.191 22.558 24.474 -17.248 -17.241 24.467
23.867 -15.446 -16.144 24.304 24.407 -16.827 -16.803 24.383
23.998 -16.493 -16.101 24.129 23.894 -14.384 -14.729 24.239
22.907 -17.802 -17.191 23.038 23.502 -12.093 -12.425 23.834
22.471 -15.053 -15.577 23.126 23.024 -9.777 -10.156 23.404
22.777 -10.996 -11.606 23.562 22.341 -8.653 -8.643 22.330
22.384 -9.774 -9.468 22.951 21.509 -6.785 -7.032 21.757
21.162 -8.901 -8.378 21.511 20.806 -5.433 -5.538 20.910
20.246 -5.454 -5.541 20.682 20.050 -4.357 -4.375 20.068
20.028 -3.403 -3.578 20.420 19.251 -3.381 -3.376 19.246
19.591 -4.625 -4.014 19.679 18.458 -2.342 -2.337 18.453
18.588 -4.363 -3.622 18.588 17.743 -1.522 -1.414 17.635
17.802 -1.658 -1.833 17.933 17.018 -0.754 -0.642 16.905
17.453 -1.134 -1.309 17.628 16.257 0.207 0.215 16.249
16.973 -2.094 -1.396 16.930 15.568 1.150 1.158 15.560
16.232 -0.611 -0.305 16.188 14.958 1.895 1.981 14.872
15.490 1.309 0.567 15.708 14.377 2.531 2.669 14.240
15.097 1.004 0.829 15.228 13.700 3.425 3.436 13.690
14.792 1.134 1.571 14.661 13.099 4.241 4.251 13.089
14.094 3.011 2.705 14.137 12.735 4.611 4.855 12.491
13.308 4.014 3.316 13.614 12.251 5.161 5.349 12.063
13.134 3.403 3.796 12.872 11.656 5.962 5.978 11.640
12.915 3.971 4.494 12.392 11.141 6.674 6.674 11.140
11.868 5.716 5.323 12.174 10.607 7.379 7.337 10.650
11.345 6.240 5.934 11.650 10.044 8.110 8.015 10.139
11.257 5.934 6.370 10.908 9.644 8.662 8.676 9.630
10.559 7.243 6.894 10.385 9.213 9.227 9.240 9.200
9.687 8.901 7.679 9.687 8.461 10.064 9.817 8.709
9.599 8.770 8.203 8.988 7.937 10.651 10.484 8.104
8.945 8.901 8.465 8.116 7.641 11.057 11.065 7.633
7.767 10.297 8.901 7.330 7.301 11.506 11.514 7.293
7.156 10.734 9.425 6.894 7.526 11.533 11.895 7.164
6.807 10.341 9.599 6.763 7.616 11.739 12.104 7.251
6.196 10.254 9.163 6.589 7.203 12.357 12.374 7.187
6.458 10.472 8.901 6.589 6.955 12.804 12.820 6.938
6.807 10.428 9.119 7.418 6.881 13.110 13.252 6.739
6.981 10.908 9.817 7.810 6.369 13.688 13.611 6.447
7.418 11.345 10.734 7.941 6.102 14.023 14.040 6.085
7.461 12.348 12.217 7.854 5.785 14.343 14.360 5.768
7.069 13.090 13.701 7.854 5.579 14.548 14.624 5.503
7.069 13.483 14.617 7.243 5.146 14.866 14.823 5.189
6.763 13.788 15.141 6.720 4.893 15.044 15.061 4.876
5.672 14.355 15.053 6.327 4.644 15.238 15.255 4.627
5.585 14.573 14.966 5.760 4.338 15.461 15.440 4.359
5.454 14.486 14.835 5.367 4.109 15.645 15.651 4.103
4.625 14.923 14.966 5.105 3.910 15.816 15.833 3.893
4.232 15.184 14.879 4.712 3.723 15.987 16.003 3.706
4.669 15.184 15.490 4.276 3.441 16.179 16.147 3.473
4.014 15.403 16.057 4.102 3.481 16.208 16.322 3.367
3.447 16.144 16.493 4.014 3.281 16.356 16.373 3.264
4.014 16.232 16.493 3.622 3.124 16.450 16.467 3.107
3.752 15.970 16.973 3.491 2.863 16.579 16.539 2.903
2.923 16.319 16.755 3.665 3.271 16.430 16.710 2.990
3.447 16.537 16.188 3.491 3.012 16.645 16.664 2.992
3.709 16.101 16.232 3.011 2.888 16.736 16.756 2.868
3.011 15.795 16.493 3.054 3.171 16.676 16.894 2.953
3.098 16.581 16.406 3.229 3.232 16.741 16.895 3.078
3.883 16.668 16.493 3.054 3.059 16.866 16.890 3.035
3.447 16.319 17.104 3.011 2.963 16.917 16.941 2.939
3.229 16.624 16.799 3.229 3.300 16.797 17.040 3.058
3.709 17.104 16.450 3.316 3.133 16.931 16.976 3.088
3.883 16.581 16.406 3.316 3.024 16.991 17.018 2.997
3.272 16.232 16.581 3.229 2.926 17.048 17.068 2.907
3.272 16.712 16.406 3.011 2.957 17.046 17.126 2.877
3.491 16.886 17.017 2.923 2.867 17.085 17.120 2.832
3.272 16.755 17.497 2.880 2.790 17.095 17.122 2.763
2.836 17.104 17.453 2.618 2.734 17.090 17.117 2.707
2.923 17.279 17.148 2.531 2.763 17.053 17.123 2.693
3.142 17.061 17.017 2.793 2.897 16.993 17.130 2.759
2.793 16.712 16.668 2.836 2.792 17.060 17.089 2.763
2.923 16.842 16.755 2.880 2.737 17.064 17.093 2.707
3.272 16.668 17.017 2.923 2.893 16.981 17.121 2.753
2.836 16.973 17.366 2.793 3.162 16.874 17.089 2.947
2.880 17.104 17.366 2.705 3.041 16.935 16.968 3.008
3.142 17.279 17.410 2.967 2.998 16.896 16.929 2.965
2.662 16.842 16.842 2.967 3.323 16.740 16.953 3.110
2.705 16.755 16.668 2.967 3.247 16.800 16.851 3.195
3.491 16.581 16.450 3.316 3.191 16.798 16.833 3.156
2.880 16.493 16.755 3.360 3.158 16.779 16.815 3.122
2.967 16.319 16.930 3.054 3.331 16.678 16.816 3.193
3.534 16.668 17.191 3.142 3.484 16.590 16.749 3.325
2.967 16.842 17.104 3.360 3.402 16.602 16.640 3.364
2.749 16.537 16.842 3.229 3.390 16.564 16.603 3.351
3.403 16.406 16.493 3.229 3.491 16.482 16.587 3.386
2.967 16.406 15.926 3.491 3.638 16.414 16.555 3.496
2.836 16.493 16.144 3.578 3.575 16.434 16.474 3.534
3.752 16.319 16.406 3.403 3.544 16.398 16.438 3.503
3.447 16.450 16.930 3.229 3.755 16.246 16.405 3.595
3.054 16.668 16.973 3.622 3.921 16.136 16.301 3.757
3.840 16.842 17.104 3.796 3.833 16.117 16.160 3.790
3.665 16.319 16.842 3.491 3.817 16.054 16.097 3.774
3.229 16.057 16.493 3.491 4.129 15.863 16.072 3.919
3.752 16.144 15.970 4.058 4.146 15.844 15.953 4.037
4.102 15.926 15.970 4.102 4.087 15.831 15.877 4.040
3.796 15.446 16.319 3.709 4.076 15.787 15.833 4.030
4.145 15.533 16.362 3.927 4.550 15.506 15.817 4.239
4.189 16.101 16.188 4.538 4.635 15.455 15.633 4.457
4.189 15.839 16.057 4.407 4.558 15.455 15.506 4.507
4.494 15.272 15.926 4.189 4.542 15.407 15.458 4.491
4.276 15.621 15.446 4.712 4.980 15.132 15.433 4.679
4.276 15.795 15.010 4.887 5.016 15.119 15.268 4.868
5.061 15.010 15.141 4.538 4.951 15.129 15.184 4.895
5.061 15.010 15.621 4.843 4.924 15.078 15.133 4.869
4.756 15.315 15.359 4.887 4.964 14.992 15.080 4.875
5.367 15.272 15.403 4.887 4.926 14.943 15.006 4.863
5.498 14.966 15.490 4.974 4.883 14.891 14.947 4.827
4.494 14.923 15.184 4.800 4.872 14.841 14.897 4.816
4.756 14.923 14.879 4.669 4.871 14.789 14.853 4.807
5.061 15.184 14.923 4.800 4.814 14.753 14.793 4.773
4.320 14.617 14.835 4.494 4.959 14.633 14.766 4.826
4.363 14.792 15.141 4.451 4.925 14.615 14.671 4.869
5.018 15.403 15.184 4.669 5.113 14.431 14.603 4.941
4.407 14.835 15.053 4.494 5.161 14.374 14.487 5.049
4.451 14.573 15.097 4.581 5.266 14.273 14.402 5.137
5.192 14.966 14.573 4.887 5.218 14.246 14.306 5.158
4.712 14.399 14.355 4.974 5.371 14.115 14.265 5.221
4.887 13.875 14.181 5.018 5.506 13.855 14.057 5.304
5.498 14.050 13.832 5.280 5.297 13.436 13.538 5.195
4.974 13.788 13.875 5.367 4.949 12.712 12.775 4.886
4.974 13.177 14.050 5.192 4.607 11.597 11.740 4.465
5.323 13.003 13.221 4.887 4.263 10.282 10.519 4.025
4.538 12.043 12.697 4.669 3.535 9.197 9.203 3.529
4.189 10.865 11.694 4.189 3.001 7.943 8.009 2.936
3.971 9.861 9.861 3.534 2.489 6.697 6.813 2.373
2.836 8.465 8.639 2.967 1.870 5.549 5.576 1.843
2.313 7.069 7.330 2.269 1.336 4.345 4.404 1.276
1.963 6.152 5.498 1.702 0.852 3.300 3.366 0.787
1.091 4.887 4.232 1.222 0.576 2.494 2.655 0.415
0.742 3.316 3.098 0.742 0.414 2.017 2.230 0.202
0.742 2.749 1.789 0.436 0.335 1.878 2.065 0.148
0.000 0.000 0.000 0.000 -0.297 -5.358 -5.288 -0.367
0.000 -0.349 -0.175 0.000 -0.330 -5.513 -5.370 -0.473
0.000 -1.484 -1.265 -0.087 -0.429 -5.933 -5.629 -0.733
0.000 -2.356 -1.876 -0.218 -0.592 -6.716 -6.017 -1.291
0.000 -3.229 -2.007 -0.611 -0.818 -7.859 -6.593 -2.085
-0.131 -4.451 -2.705 -0.960 -1.039 -9.126 -7.367 -2.799
-0.567 -5.411 -3.229 -1.745 -1.224 -10.454 -8.123 -3.554
-0.829 -6.283 -3.665 -2.749 -1.413 -11.859 -8.800 -4.473
-1.004 -7.723 -4.494 -3.534 -1.590 -13.277 -9.456 -5.410
-1.440 -9.687 -6.240 -4.320 -1.627 -14.637 -10.233 -6.032
-1.614 -11.388 -7.330 -5.411 -1.565 -16.006 -11.037 -6.534
-1.353 -13.352 -8.945 -5.934 -1.624 -17.227 -11.482 -7.368
-1.396 -14.835 -9.817 -6.109 -1.637 -18.098 -11.701 -8.034
-1.745 -16.144 -10.647 -6.981 -1.152 -18.561 -12.152 -7.562
-1.484 -17.017 -10.690 -7.854 -0.690 -18.681 -12.265 -7.106
-1.178 -17.671 -11.126 -7.549 -0.525 -18.655 -11.937 -7.244
-1.091 -17.802 -10.952 -6.720 -0.381 -18.631 -11.605 -7.406
-0.960 -17.977 -10.646 -7.112 0.148 -18.525 -11.650 -6.727
-0.436 -17.802 -10.036 -7.374 0.571 -18.456 -11.589 -6.295
-0.087 -17.671 -10.210 -5.890 0.929 -18.389 -11.490 -5.970
-0.131 -17.541 -10.341 -5.192 1.023 -18.357 -11.226 -6.109
0.175 -17.628 -10.385 -6.283 1.445 -18.098 -11.375 -5.278
0.480 -17.802 -10.297 -6.021 1.623 -17.810 -11.450 -4.737
0.524 -17.846 -10.952 -4.843 1.560 -17.478 -11.477 -4.441
0.611 -17.497 -11.432 -4.887 1.372 -17.128 -11.487 -4.269
0.916 -17.366 -11.257 -4.887 1.447 -16.622 -11.749 -3.425
0.916 -17.235 -11.257 -4.145 1.489 -16.097 -12.008 -2.599
1.265 -16.668 -11.170 -3.840 1.391 -15.638 -12.199 -2.048
1.571 -16.319 -11.083 -3.185 1.119 -15.266 -12.309 -1.838
1.396 -16.057 -10.996 -2.356 0.868 -14.853 -12.480 -1.506
1.134 -15.533 -11.345 -2.269 0.772 -14.378 -12.725 -0.881
1.178 -15.141 -11.606 -2.007 0.799 -13.918 -12.948 -0.171
0.654 -14.835 -12.086 -1.178 0.666 -13.692 -12.932 -0.094
0.393 -14.486 -12.697 -0.829 0.547 -13.573 -12.799 -0.227
0.349 -13.919 -13.134 -0.873 0.377 -13.124 -12.990 0.243
0.393 -14.050 -13.264 -0.698 0.657 -12.873 -12.945 0.729
0.305 -13.963 -12.828 -0.393 0.816 -12.932 -12.646 0.530
0.480 -13.352 -13.046 -0.175 0.848 -12.765 -12.578 0.660
0.480 -12.915 -12.566 0.000 0.960 -12.637 -12.506 0.830
0.742 -13.221 -11.825 -0.175 1.113 -12.535 -12.422 0.999
0.742 -12.697 -11.432 0.087 1.173 -12.563 -12.282 0.892
0.742 -12.479 -12.043 0.698 1.234 -12.395 -12.285 1.123
0.785 -12.654 -11.694 0.829 1.333 -12.363 -12.174 1.144
1.091 -12.959 -12.043 0.567 1.364 -12.307 -12.064 1.121
1.047 -12.697 -12.392 1.047 1.339 -12.243 -11.966 1.062
1.353 -12.654 -12.610 1.222 1.370 -12.063 -11.940 1.247
1.702 -12.610 -12.305 0.873 1.514 -11.930 -11.865 1.449
1.658 -12.305 -12.043 0.873 1.599 -11.946 -11.709 1.362
1.571 -11.825 -11.694 1.265 1.573 -11.919 -11.647 1.301
1.527 -11.737 -11.345 1.047 1.551 -11.867 -11.624 1.307
1.440 -11.999 -11.039 0.785 1.580 -11.798 -11.608 1.391
1.265 -11.825 -11.083 0.960 1.600 -11.804 -11.541 1.337
1.222 -11.955 -11.519 1.134 1.577 -11.764 -11.494 1.306
1.353 -12.130 -11.563 0.873 1.564 -11.702 -11.453 1.314
1.745 -12.261 -11.694 0.960 1.520 -11.680 -11.373 1.213
1.658 -11.781 -11.955 1.222 1.470 -11.600 -11.348 1.218
1.614 -11.606 -12.086 1.309 1.437 -11.560 -11.290 1.167
1.876 -11.694 -11.781 1.091 1.497 -11.389 -11.323 1.431
1.745 -11.606 -11.476 1.134 1.578 -11.441 -11.197 1.334
1.396 -11.214 -11.257 1.309 1.518 -11.490 -11.131 1.159
1.571 -11.345 -10.952 1.353 1.437 -11.431 -11.162 1.168
1.614 -11.476 -10.690 1.222 1.468 -11.338 -11.202 1.332
1.527 -11.432 -10.559 1.309 1.540 -11.353 -11.157 1.344
1.571 -11.257 -10.821 1.309 1.567 -11.357 -11.127 1.337
1.396 -11.388 -11.083 1.091 1.570 -11.356 -11.091 1.304
1.396 -11.519 -11.301 1.004 1.559 -11.328 -11.065 1.296
1.396 -11.388 -11.432 1.091 1.506 -11.354 -11.007 1.159
1.178 -11.476 -11.955 1.265 1.405 -11.328 -10.971 1.048
1.222 -11.519 -11.781 1.353 1.337 -11.246 -10.978 1.069
1.571 -11.650 -11.345 1.353 1.297 -11.225 -10.943 1.015
1.484 -11.432 -11.170 1.396 1.236 -11.225 -10.912 0.923
1.484 -11.170 -10.777 1.440 1.260 -11.095 -11.001 1.165
1.789 -10.777 -10.167 1.309 1.313 -11.203 -10.937 1.047
1.440 -10.996 -10.167 1.178 1.206 -11.330 -10.880 0.757
1.222 -10.646 -10.472 1.178 1.108 -11.240 -11.004 0.872
1.309 -10.865 -10.559 1.047 1.166 -11.191 -11.054 1.028
0.960 -11.257 -10.690 0.785 1.231 -11.256 -10.989 0.964
0.916 -11.170 -11.301 0.873 1.256 -11.210 -10.998 1.044
0.873 -11.214 -11.476 1.091 1.332 -11.155 -10.995 1.171
1.047 -11.606 -11.650 0.916 1.406 -11.151 -10.925 1.180
1.004 -11.563 -11.519 0.960 1.431 -11.142 -10.878 1.166
1.309 -11.432 -11.388 1.309 1.378 -11.174 -10.821 1.026
1.440 -11.606 -10.865 1.396 1.418 -10.982 -10.938 1.375
1.614 -11.083 -10.821 1.134 1.589 -10.999 -10.885 1.475
1.484 -10.734 -10.690 1.178 1.664 -11.085 -10.824 1.403
1.789 -10.821 -11.126 1.571 1.688 -11.030 -10.855 1.513
2.007 -11.083 -11.694 1.571 1.771 -10.971 -10.836 1.636
1.745 -11.257 -12.261 1.222 1.861 -10.959 -10.753 1.656
2.007 -11.606 -12.479 1.527 1.880 -10.930 -10.673 1.623
2.269 -11.781 -12.741 2.051 1.897 -10.802 -10.640 1.735
2.007 -11.519 -12.479 1.658 1.964 -10.757 -10.558 1.765
1.833 -11.345 -12.174 1.484 1.988 -10.758 -10.480 1.710
2.182 -11.257 -11.912 2.182 1.956 -10.713 -10.458 1.700
2.269 -11.345 -11.606 2.356 1.892 -10.740 -10.401 1.553
1.920 -11.432 -10.908 1.745 1.815 -10.730 -10.406 1.491
2.007 -11.432 -10.690 1.920 1.730 -10.742 -10.405 1.392
2.138 -11.345 -10.908 2.182 1.660 -10.694 -10.436 1.401
1.745 -11.257 -10.777 1.658 1.572 -10.808 -10.364 1.128
1.527 -11.126 -10.516 1.222 1.438 -10.785 -10.426 1.079
1.876 -10.996 -10.952 1.571 1.332 -10.789 -10.445 0.988
1.658 -10.908 -11.170 1.396 1.276 -10.748 -10.485 1.013
1.309 -10.908 -10.734 1.047 1.191 -10.877 -10.415 0.730
1.571 -10.952 -10.690 1.134 0.983 -10.916 -10.435 0.502
1.527 -10.821 -10.996 1.309 0.793 -10.887 -10.497 0.403
1.004 -10.821 -10.734 0.785 0.724 -10.844 -10.574 0.454
0.960 -11.083 -10.297 0.698 0.683 -10.910 -10.560 0.334
1.004 -10.996 -10.428 0.698 0.544 -11.000 -10.529 0.073
0.611 -10.777 -10.516 0.567 0.272 -11.117 -10.473 -0.373
0.524 -10.908 -10.167 0.262 0.075 -10.967 -10.689 -0.203
0.611 -11.170 -10.297 0.349 -0.247 -11.304 -10.357 -1.193
0.262 -11.170 -10.690 0.000 -0.970 -11.311 -10.227 -2.055
0.087 -10.908 -10.734 -0.087 -1.808 -11.219 -10.070 -2.957
-0.087 -11.170 -10.385 -0.698 -2.314 -10.812 -10.505 -2.621
-0.916 -11.650 -10.341 -1.920 -2.614 -10.974 -10.057 -3.530
-1.833 -11.257 -10.297 -2.836 -3.161 -10.795 -9.939 -4.016
-2.138 -10.559 -10.516 -2.531 -3.662 -10.621 -9.829 -4.453
-2.531 -10.908 -10.254 -3.185 -3.933 -10.394 -10.067 -4.260
-3.360 -11.214 -9.861 -4.494 -4.071 -10.451 -9.741 -4.781
-3.796 -10.341 -9.861 -4.276 -4.394 -10.321 -9.634 -5.081
-3.578 -9.861 -10.167 -3.272 -4.736 -10.193 -9.529 -5.400
-3.709 -10.603 -9.556 -4.538 -4.921 -10.045 -9.705 -5.262
-4.494 -10.734 -9.076 -4.669 -4.991 -10.078 -9.550 -5.518
-4.712 -9.687 -9.817 -4.058 -5.195 -10.022 -9.419 -5.798
-4.320 -9.643 -10.428 -5.585 -5.443 -9.905 -9.222 -6.126
-4.581 -10.516 -9.437 -6.109 -5.606 -9.744 -9.394 -5.956
-5.236 -10.254 -9.992 -5.105 -5.726 -9.736 -9.047 -6.415
-5.367 -9.425 -9.992 -5.149 -6.034 -9.562 -8.814 -6.783
-5.018 -10.143 -9.032 -6.414 -6.400 -9.333 -8.429 -7.304
-5.367 -9.687 -8.727 -6.894 -6.679 -9.078 -8.712 -7.046
-6.021 -8.901 -8.945 -6.589 -6.825 -9.044 -8.146 -7.723
-6.189 -8.988 -8.858 -6.589 -7.205 -8.736 -7.961 -7.980
-6.632 -9.425 -7.723 -7.549 -7.470 -8.507 -7.832 -8.145
-7.243 -8.770 -7.199 -8.159 -7.596 -8.402 -8.020 -7.978
-7.461 -8.072 -7.767 -7.679 -7.610 -8.425 -7.917 -8.118
-7.287 -8.508 -7.985 -7.112 -7.707 -8.366 -7.866 -8.207
-7.374 -8.901 -7.330 -7.941 -7.774 -8.320 -7.844 -8.251
-7.767 -8.203 -7.636 -8.465 -7.790 -8.313 -7.927 -8.176
-7.810 -8.072 -8.639 -7.549 -7.782 -8.330 -7.947 -8.165
-7.330 -8.727 -8.552 -7.156 -7.784 -8.344 -8.005 -8.122
-7.461 -8.727 -7.854 -8.203 -7.717 -8.412 -8.140 -7.989
-7.854 -8.116 -8.159 -8.247 -7.629 -8.502 -8.118 -8.012
-7.636 -8.334 -8.901 -7.243 -7.640 -8.501 -8.054 -8.087
-7.199 -8.858 -8.552 -7.287 -7.731 -8.430 -7.823 -8.338
-7.592 -8.596 -7.898 -8.203 -7.891 -8.274 -7.574 -8.591
-7.854 -8.247 -8.116 -8.159 -8.036 -8.134 -7.743 -8.427
-7.592 -8.552 -8.116 -7.898 -8.071 -8.105 -7.552 -8.624
-7.723 -8.508 -7.374 -8.203 -8.160 -8.034 -7.585 -8.609
-8.203 -7.854 -6.894 -8.683 -8.166 -8.053 -7.648 -8.571
-8.203 -7.810 -7.199 -8.639 -8.149 -8.090 -7.696 -8.543
-7.854 -8.203 -7.505 -8.203 -8.145 -8.116 -7.725 -8.537
-8.029 -7.985 -7.374 -8.203 -8.138 -8.151 -7.750 -8.539
-8.203 -7.854 -7.418 -8.552 -8.118 -8.189 -7.811 -8.496
-8.029 -8.159 -8.072 -8.552 -8.093 -8.212 -7.818 -8.487
-7.854 -8.029 -8.378 -8.029 -8.060 -8.259 -8.022 -8.297
-8.029 -7.898 -7.941 -8.203 -7.975 -8.360 -7.937 -8.398
-7.723 -7.898 -8.116 -8.465 -7.928 -8.418 -8.247 -8.099
-7.418 -7.418 -8.421 -8.203 -7.813 -8.566 -8.176 -8.203
-7.374 -7.287 -7.287 -7.461 -7.841 -8.624 -8.174 -8.291
-7.069 -7.156 -7.069 -7.592 -7.900 -8.664 -8.233 -8.331
-6.589 -6.938 -7.461 -7.898 -7.909 -8.749 -8.510 -8.148
-7.069 -7.156 -7.069 -7.592 -7.850 -8.908 -8.519 -8.239
-7.243 -8.029 -7.112 -7.767 -7.865 -8.965 -8.549 -8.281
-7.243 -8.247 -8.203 -8.596 -7.861 -8.986 -8.617 -8.230
-7.810 -8.945 -8.116 -8.814 -7.765 -9.050 -8.852 -7.963
-8.159 -9.207 -7.985 -8.552 -7.629 -9.163 -8.776 -8.016
-7.985 -9.250 -8.596 -8.639 -7.600 -9.158 -8.732 -8.026
-7.854 -9.294 -8.378 -8.508 -7.574 -9.153 -8.810 -7.916
-7.636 -9.250 -8.203 -8.378 -7.511 -9.196 -8.861 -7.847
-7.549 -9.119 -8.727 -8.290 -7.462 -9.226 -8.840 -7.848
-7.679 -9.119 -8.727 -8.029 -7.481 -9.207 -8.683 -8.005
-7.505 -9.076 -8.814 -8.116 -7.508 -9.155 -8.861 -7.802
-7.679 -8.945 -8.901 -8.334 -7.429 -9.208 -8.838 -7.799
-7.941 -9.163 -9.250 -7.941 -7.396 -9.206 -8.820 -7.783
-7.679 -8.901 -9.381 -7.723 -7.380 -9.201 -8.826 -7.755
-7.767 -9.076 -9.207 -8.116 -7.304 -9.224 -8.986 -7.542
-7.767 -9.338 -8.945 -8.116 -7.197 -9.297 -8.921 -7.573
-7.418 -9.163 -9.119 -7.592 -7.182 -9.299 -8.915 -7.566
-7.418 -8.988 -8.901 -7.636 -7.152 -9.317 -8.993 -7.476
-7.243 -9.294 -8.203 -7.898 -7.061 -9.386 -9.146 -7.302
-7.025 -9.250 -8.596 -7.592 -7.004 -9.464 -9.012 -7.456
-7.112 -9.032 -8.683 -7.156 -7.041 -9.447 -9.064 -7.423
-6.981 -9.425 -8.552 -7.549 -7.021 -9.464 -9.131 -7.355
-6.807 -9.556 -8.465 -7.636 -7.008 -9.494 -9.064 -7.438
-7.156 -9.338 -8.945 -7.243 -7.057 -9.463 -8.999 -7.521
-7.112 -9.381 -9.076 -7.374 -7.097 -9.420 -9.036 -7.480
-6.981 -9.556 -8.901 -7.810 -7.093 -9.416 -9.022 -7.486
-7.374 -9.468 -9.294 -7.461 -7.091 -9.399 -9.011 -7.480
-7.330 -9.163 -9.687 -7.243 -7.120 -9.371 -8.895 -7.596
-7.287 -9.512 -9.338 -7.505 -7.162 -9.309 -8.924 -7.547
-7.374 -9.556 -8.988 -7.461 -7.131 -9.313 -9.015 -7.429
-7.330 -9.294 -9.294 -7.199 -7.108 -9.339 -8.888 -7.560
-7.287 -9.076 -8.683 -7.330 -7.089 -9.342 -9.129 -7.302
-7.418 -9.512 -8.378 -7.592 -6.988 -9.440 -9.058 -7.370
-7.025 -9.250 -8.552 -7.461 -6.990 -9.455 -9.056 -7.388
-7.112 -9.032 -8.727 -7.243 -7.007 -9.460 -9.047 -7.420
-7.243 -9.250 -8.203 -7.549 -6.936 -9.499 -9.357 -7.079
-6.676 -9.512 -8.465 -7.636 -6.811 -9.636 -9.256 -7.191
-6.720 -9.119 -8.814 -7.156 -6.891 -9.627 -9.013 -7.505
-7.199 -9.338 -8.988 -7.112 -6.979 -9.527 -9.237 -7.269
-6.850 -9.556 -8.858 -7.592 -6.871 -9.598 -9.393 -7.076
-6.676 -9.512 -9.425 -7.287 -6.785 -9.682 -9.302 -7.164
-7.374 -9.425 -9.948 -6.676 -6.830 -9.650 -9.128 -7.352
-7.069 -9.774 -9.774 -7.156 -6.835 -9.580 -9.396 -7.018
-6.676 -9.817 -9.556 -7.636 -6.660 -9.684 -9.502 -6.843
-6.938 -9.905 -9.643 -6.981 -6.555 -9.769 -9.392 -6.932
-6.850 -9.425 -9.599 -6.545 -6.579 -9.764 -9.332 -7.011
-6.370 -9.556 -9.119 -7.287 -6.540 -9.763 -9.580 -6.723
-6.676 -9.556 -8.639 -7.287 -6.415 -9.887 -9.552 -6.751
-6.632 -9.381 -9.076 -6.458 -6.401 -9.927 -9.553 -6.775
-6.414 -8.988 -9.163 -6.545 -6.362 -9.966 -9.723 -6.605
-6.763 -9.905 -8.988 -7.069 -6.251 -10.050 -9.753 -6.548
-6.720 -9.730 -9.207 -6.676 -6.227 -10.098 -9.661 -6.664
-6.283 -9.861 -10.036 -6.240 -6.273 -10.055 -9.683 -6.645
-6.720 -9.948 -9.774 -6.632 -6.265 -10.049 -9.678 -6.637
-6.676 -10.341 -9.992 -6.720 -6.265 -10.027 -9.632 -6.660
-6.283 -9.992 -10.297 -6.458 -6.183 -9.874 -9.550 -6.507
-6.676 -10.210 -10.123 -6.545 -5.898 -9.496 -9.124 -6.270
-6.676 -10.036 -9.774 -6.807 -5.451 -8.838 -8.455 -5.834
-5.978 -9.599 -9.338 -6.414 -4.850 -7.917 -7.513 -5.254
-5.934 -9.032 -8.770 -6.196 -4.140 -6.839 -6.506 -4.474
-5.280 -8.072 -7.549 -5.672 -3.397 -5.804 -5.432 -3.769
-4.145 -7.156 -6.589 -4.669 -2.694 -4.744 -4.386 -3.052
-3.752 -5.672 -5.367 -3.796 -1.980 -3.714 -3.332 -2.362
-3.054 -4.669 -4.320 -3.054 -1.288 -2.663 -2.314 -1.636
-1.920 -3.491 -3.185 -2.094 -0.593 -1.644 -1.272 -0.965
-1.571 -2.836 -2.531 -1.571 -0.010 -0.692 -0.381 -0.321
-1.134 -1.789 -1.658 -1.265 0.479 -0.062 0.328 0.089
-0.305 -1.353 -0.960 -0.654 0.757 0.349 0.756 0.350
-0.044 -0.785 -0.524 -0.349 0.839 0.529 0.901 0.467
0.000 0.000 0.000 0.000 0.145 -0.286 0.086 -0.227
-0.524 -0.349 -0.349 -0.087 0.279 -0.181 0.267 -0.169
-0.218 -0.567 -0.349 -0.349 0.628 0.141 0.767 0.002
0.000 -0.829 -0.349 -0.524 1.267 0.628 1.662 0.233
-0.175 -0.873 -0.262 -0.524 2.184 1.309 2.929 0.564
0.436 -0.654 0.262 -0.436 3.235 2.103 4.395 0.943
1.484 -0.087 1.134 -0.349 4.294 2.908 5.888 1.314
1.789 0.393 1.833 0.436 5.343 3.743 7.415 1.672
2.836 1.440 3.054 1.004 6.256 4.672 8.940 1.988
4.407 2.182 4.887 1.571 7.325 5.440 10.503 2.263
5.236 3.142 6.545 2.182 8.234 6.308 12.064 2.478
6.545 4.058 8.203 2.793 8.788 7.224 13.477 2.535
7.810 5.061 10.559 2.880 9.031 7.949 14.548 2.432
8.290 5.847 12.479 2.923 9.493 8.143 15.263 2.373
8.770 6.981 13.570 2.967 9.475 8.280 15.609 2.146
9.338 7.069 14.443 2.793 8.734 8.678 15.761 1.651
9.250 7.461 15.315 2.356 8.334 8.815 15.880 1.269
8.508 7.854 15.184 1.745 8.463 8.647 16.018 1.091
8.247 7.854 14.748 1.571 8.086 8.782 16.138 0.731
8.378 7.636 14.704 1.134 7.539 9.005 16.244 0.299
7.592 7.723 14.923 0.611 6.946 9.234 16.325 -0.145
6.850 7.854 15.053 0.436 7.089 9.089 16.486 -0.307
7.156 8.334 15.446 0.436 6.937 9.061 16.589 -0.591
7.243 8.290 15.882 0.087 6.497 9.153 16.639 -0.989
6.021 8.465 16.188 -0.305 6.298 9.150 16.675 -1.227
5.934 8.901 16.101 -0.480 6.337 9.074 16.679 -1.268
6.414 9.076 16.057 -0.698 5.574 9.382 16.467 -1.511
6.021 8.596 16.144 -0.873 4.729 9.766 16.167 -1.672
5.236 8.988 16.013 -1.047 4.134 10.069 15.865 -1.662
5.105 9.468 15.882 -1.004 3.916 10.227 15.632 -1.490
4.625 9.687 15.882 -1.004 3.288 10.541 15.279 -1.451
4.102 9.948 15.621 -1.047 2.917 10.771 14.977 -1.290
3.403 10.472 15.272 -1.047 2.670 10.966 14.688 -1.052
2.967 10.821 14.966 -0.873 2.427 11.170 14.386 -0.789
3.054 10.734 14.399 -0.742 2.149 11.385 14.109 -0.575
2.618 10.908 14.050 -0.654 1.888 11.559 13.885 -0.438
2.094 10.865 13.701 -0.436 1.566 11.721 13.701 -0.414
2.269 11.083 13.526 -0.305 1.538 11.730 13.651 -0.383
1.963 11.170 13.701 -0.262 0.859 12.325 13.007 0.177
1.658 11.301 13.919 -0.480 0.692 12.331 12.939 0.084
1.571 11.955 13.526 -0.305 1.385 12.009 13.134 0.261
0.960 12.435 13.264 -0.262 1.239 12.148 12.893 0.494
1.265 12.217 13.264 -0.218 0.878 12.243 12.740 0.381
1.527 12.086 12.915 -0.262 1.154 12.039 12.866 0.327
1.004 12.261 12.479 0.087 1.340 11.981 12.851 0.471
1.614 11.606 12.610 0.000 1.298 12.028 12.772 0.553
2.487 11.170 13.046 0.000 1.437 11.960 12.793 0.604
1.440 11.519 12.654 0.000 1.599 11.922 12.779 0.743
1.658 11.825 12.828 0.087 1.379 12.021 12.646 0.754
2.182 11.650 13.352 0.000 1.450 11.924 12.670 0.705
1.309 11.868 13.177 0.044 1.816 11.758 12.715 0.859
1.004 12.217 12.872 0.218 1.646 11.865 12.542 0.969
1.920 11.868 13.003 0.436 1.476 11.879 12.486 0.869
1.396 11.476 12.566 0.567 1.563 11.795 12.541 0.818
1.396 11.606 12.130 0.785 1.807 11.697 12.591 0.914
1.876 11.388 12.086 0.829 1.622 11.816 12.487 0.951
1.745 11.257 12.305 0.829 1.536 11.825 12.488 0.873
1.484 11.606 12.217 0.873 1.586 11.774 12.520 0.840
1.484 11.912 12.392 0.829 1.513 11.784 12.477 0.820
1.527 11.825 12.872 0.611 1.289 11.826 12.404 0.711
1.658 11.912 12.915 0.611 1.521 11.653 12.491 0.682
1.309 12.043 12.828 0.611 1.487 11.663 12.407 0.743
1.440 11.694 12.654 0.436 1.192 11.757 12.302 0.647
2.007 11.432 12.785 0.436 1.526 11.546 12.445 0.627
1.222 11.345 12.043 0.611 1.818 11.485 12.458 0.846
1.265 11.694 11.999 0.611 1.729 11.589 12.336 0.983
2.007 11.432 11.999 0.611 1.520 11.672 12.280 0.912
1.353 11.606 12.217 0.785 1.607 11.589 12.338 0.858
0.916 12.043 11.999 0.960 1.701 11.544 12.338 0.906
1.833 12.086 12.523 0.873 1.676 11.537 12.282 0.931
1.484 11.606 12.959 0.916 1.797 11.460 12.279 0.978
1.309 11.781 12.435 1.047 2.149 11.319 12.309 1.159
1.745 11.737 12.305 1.178 2.196 11.352 12.204 1.345
2.051 10.996 12.174 1.222 2.152 11.403 12.153 1.402
2.051 11.126 11.825 1.396 2.026 11.463 12.130 1.359
2.138 11.432 11.432 1.527 2.115 11.408 12.193 1.330
2.007 11.170 11.781 1.484 1.978 11.481 12.154 1.305
2.269 10.996 12.086 1.178 2.012 11.447 12.196 1.263
2.182 11.432 12.174 1.134 2.591 11.189 12.315 1.465
1.745 11.257 12.610 1.265 2.368 11.384 12.097 1.655
2.443 11.170 12.828 1.353 2.215 11.419 12.057 1.577
2.487 11.432 12.828 1.353 2.269 11.335 12.086 1.517
2.094 11.388 12.610 1.789 2.186 11.348 12.047 1.486
2.618 11.257 12.566 1.833 2.288 11.263 12.077 1.473
2.880 11.345 12.130 1.440 2.375 11.227 12.066 1.536
2.094 10.996 11.694 1.353 2.343 11.280 12.033 1.590
2.574 11.126 11.694 1.527 2.305 11.302 12.032 1.574
2.967 11.257 11.650 1.178 2.152 11.364 12.014 1.502
2.182 11.039 11.999 1.134 2.078 11.373 12.037 1.414
2.182 11.214 12.174 1.614 2.113 11.325 12.075 1.363
2.531 11.694 12.479 1.658 2.055 11.317 12.041 1.331
1.658 11.388 12.697 1.440 2.051 11.292 12.025 1.318
1.614 11.606 12.610 1.484 2.132 11.230 12.022 1.339
1.920 11.825 12.261 1.658 2.108 11.227 11.978 1.358
1.745 11.388 12.174 1.396 2.059 11.241 11.954 1.347
1.963 10.996 11.955 1.309 2.127 11.208 11.987 1.347
2.356 11.039 11.694 1.440 2.042 11.259 11.969 1.333
1.963 10.996 11.781 1.484 2.060 11.249 11.998 1.311
2.051 11.257 11.999 1.309 2.070 11.243 11.998 1.314
2.007 11.519 12.217 1.353 2.034 11.245 11.973 1.306
1.702 11.650 12.479 1.440 2.037 11.216 11.957 1.296
2.007 11.650 12.654 1.396 2.040 11.183 11.932 1.290
2.094 11.345 12.479 1.484 2.222 11.085 11.958 1.348
2.051 11.301 12.261 1.527 1.980 11.212 11.844 1.348
2.443 11.257 11.955 1.396 1.914 11.199 11.874 1.239
2.007 11.170 11.825 1.265 1.948 11.167 11.915 1.200
1.745 11.257 11.650 1.047 1.903 11.196 11.908 1.191
2.094 11.345 11.737 0.873 1.719 11.266 11.879 1.107
1.789 11.126 11.868 0.742 2.030 11.107 12.008 1.128
1.571 11.039 11.737 0.785 1.973 11.193 11.942 1.225
2.269 11.301 11.912 1.091 1.722 11.295 11.882 1.136
1.920 11.345 12.217 1.222 1.633 11.273 11.913 0.993
1.571 11.432 12.174 1.396 1.814 11.156 11.991 0.979
1.963 11.519 12.305 1.571 1.751 11.186 11.932 1.005
2.007 11.388 12.523 1.440 1.842 11.124 11.941 1.026
1.658 10.996 12.261 1.353 2.084 11.041 11.972 1.153
2.007 10.821 11.825 1.527 2.221 10.886 11.805 1.302
2.182 10.908 11.606 1.222 2.072 10.531 11.283 1.321
1.920 10.646 11.519 1.134 1.850 9.834 10.502 1.182
1.833 10.603 11.301 1.353 1.782 8.691 9.478 0.995
1.920 10.472 10.690 0.960 1.372 7.552 8.127 0.797
1.876 9.250 10.167 0.698 1.288 6.185 6.933 0.540
1.745 7.898 9.250 0.785 1.203 4.848 5.691 0.360
1.484 6.894 7.505 0.698 0.986 3.612 4.378 0.220
1.440 5.280 6.240 0.393 0.734 2.401 3.074 0.062
1.047 3.665 4.887 0.349 0.596 1.116 1.865 -0.153
0.654 2.793 3.185 0.218 0.451 0.017 0.777 -0.309
0.436 1.789 2.138 0.087 0.356 -0.791 -0.003 -0.432
0.436 0.785 1.309 -0.087 0.277 -1.270 -0.497 -0.496
0.131 0.262 0.262 -0.087 0.243 -1.429 -0.679 -0.507
